34528
72026
34676
10913
37309
22927
97263
57836
95238
95196
26603
71483
21314
96017
92527
51715
39599
20173
12026
12968
28152
59650
77773
70048
22530
40214
16289
15845
75884
38507
42706
73798
74850
29522
25671
64349
96301
24753
62380
10276
45892
10225
20582
39916
56946
68822
15278
12859
76285
31269
44870
94245
83249
10654
15121
6753
64583
65690
6648
62635
55911
81799
74984
70504
27181
63923
95611
39641
36197
68391
9054
69054
94967
64831
46746
73086
72551
44358
78723
39795
56086
2691
92900
57716
92478
56707
18710
89964
94723
38002
54151
56745
96790
85265
6187
81121
51547
13089
38382
94672
16415
65164
73021
51106
53554
78307
16315
52471
58862
70066
49367
69517
49461
20106
83801
19830
84820
72525
72455
7288
41327
75701
38914
1092
83334
62567
96954
56039
6661
49675
63330
90823
61143
85084
1131
22061
72529
50947
20695
13882
96773
30743
65156
35937
15101
84880
77843
46075
67343
41447
32360
48903
20522
10815
99354
17710
42497
83721
44363
40750
79483
93266
20142
81183
93210
4845
24926
96133
85745
63654
9264
22429
21469
54941
76565
64974
10906
36294
17580
48813
76557
82226
89901
44554
58349
44464
20436
35780
38727
24250
1398
26035
62235
66566
25779
46421
18904
77289
61043
94980
25973
32799
70740
68451
4437
9453
24775
93115
10400
54048
13387
18543
10499
97973
51060
48221
46517
85397
14071
78763
27530
2351
98079
44259
7952
49001
56787
98617
61692
69241
40029
65917
52339
94472
98546
17037
84947
83996
16170
71652
18431
52503
93095
72079
55112
58473
91306
66864
98713
5672
8146
18080
3111
73180
98457
22039
98710
36549
15513
82116
59007
35046
7214
82715
19341
41601
91050
37714
82388
78234
96957
6702
52867
64058
42314
75555
46179
97093
56327
62861
95064
16712
59221
84426
79769
94501
92833
17047
24134
97207
1866
16212
96244
85475
50847
1877
73486
62123
90935
42854
80053
91675
38491
94918
42456
96427
9693
10971
58981
65157
86558
12539
4893
48812
72856
50038
18985
65646
31707
20927
15173
87296
11584
24131
13418
40584
28800
36293
25596
24446
42569
78174
79993
95577
41199
19198
54604
12035
27863
65131
48065
4147
78894
30446
61156
32131
94519
25415
84187
65881
72200
97610
15801
2143
34694
92400
13910
42068
75508
41261
29126
54872
27762
62482
22389
81921
33442
34797
85965
43692
60660
79326
98311
40559
79853
40674
51564
36297
70715
59691
43687
94685
86346
64077
44521
18104
6653
64738
81187
19742
92881
37276
44887
80474
5651
7108
83968
80659
49904
45594
49137
68324
45028
63358
13207
98619
20386
41663
13156
37070
17386
28903
75909
9128
34821
6619
91737
42504
35714
86003
68874
87589
69947
11489
2568
51037
36051
12224
48433
20656
93696
94426
87662
72851
22116
71575
72690
14966
65459
93399
91694
47906
41566
59133
24600
5974
93016
8654
2740
65602
85291
47272
36596
2756
30177
94033
61959
63263
33729
2872
2873
71843
46581
98359
8149
30430
91223
13149
90908
66462
38947
87529
73371
74574
39142
40598
32147
33867
58716
61939
43681
45549
30991
48012
48130
30631
32789
16702
27208
99141
14975
37202
63166
4745
79709
17184
84109
91290
91760
35460
22266
3181
28528
44317
76243
39760
40213
35508
42938
83970
25121
36337
22137
17120
82927
24848
54376
29710
48585
30499
20790
45101
16121
81094
12654
63639
91556
80069
39959
19943
45478
31178
96862
84597
88782
83938
89485
61374
74642
46897
35802
53382
66518
92174
68227
53029
59078
85300
74338
47470
17669
44187
53226
3897
72696
56233
73465
8223
35842
39323
35892
11097
98158
35636
5583
96033
69756
21163
30926
92187
18566
66831
61979
52360
43712
9014
32326
5129
28448
7225
66463
70411
30757
23117
89973
61951
56042
96974
40766
65545
43878
90461
15524
44930
68984
35071
10758
12957
40341
19728
51591
12502
29785
19906
16666
9177
80600
31797
10129
87822
43476
4610
25289
88509
18807
29761
32079
66301
96908
56274
55822
31155
13158
27882
98768
42742
30242
69703
44266
69014
11578
75821
35405
43705
8091
4937
16769
60220
56984
12847
29220
59881
24915
87664
44860
47770
67237
29460
35832
17179
11032
81238
90182
89769
5531
85525
47232
74178
50638
20513
54712
33370
34543
40076
59496
58485
20712
15986
40604
12834
5678
72695
77359
26723
18804
77636
5893
69420
24123
93877
9119
91862
5984
22949
92345
81346
37667
65572
7237
27684
75300
77976
85826
95195
39922
62808
39327
67107
61147
50313
12778
47107
96000
32849
6808
46967
18528
75788
59391
77281
14175
44527
93667
94777
35537
98084
18934
86838
31230
33559
46226
90725
39260
34693
67330
71966
79451
85087
71547
70759
57979
90108
14304
91821
50462
25980
61452
54670
56968
8999
55464
9245
28627
28002
74033
15026
33219
34459
57349
81753
20913
45711
88560
80586
25644
77383
53230
94337
78840
30437
79699
62138
72158
81031
56365
86136
68448
36413
70588
99544
36686
23534
83401
35285
39205
4427
36502
75657
8096
28831
59477
39982
44756
34205
76175
62511
62767
54
96049
45900
44324
34268
97358
91132
12368
23242
41600
27387
40082
9394
65703
31183
35268
81756
18530
14042
33488
50428
4940
17468
59800
97
23257
68635
26967
45973
35023
73099
88323
33190
116
30704
24112
57943
29391
95021
20547
85242
71006
69651
7160
85839
21550
52683
61340
94933
76376
83510
36194
99990
69425
71947
66084
16715
5941
46667
45713
64989
31452
26247
10012
59541
50307
45359
43404
57000
87688
85597
21092
93374
93482
58296
61622
89179
32488
86743
204
58430
54377
30764
89847
46005
35884
55235
97912
93672
35062
620
53240
81272
8258
64864
34300
66135
43336
4789
50919
40702
6466
12786
66440
32709
260
21098
4369
1155
5165
74025
70456
73075
36716
85482
30050
88017
45502
67035
77264
57723
73201
53813
31578
36934
99907
75815
37106
7590
62165
39559
15440
19089
84363
46693
21823
28998
3280
89243
52132
33509
36975
39468
79637
31880
34833
34741
39891
60491
65800
4870
774
40108
65631
63776
2221
42017
94267
48928
75012
49617
19888
44271
373
94622
29509
97791
73053
14543
83894
84526
52193
59617
59879
97255
69618
85647
88570
91611
38748
22347
44773
74083
86166
83193
99247
31401
36664
42140
61454
88372
67821
4994
43832
95054
98187
88119
49450
40010
65759
55996
60962
79267
70379
80139
7622
34688
57999
76716
72471
48989
57245
91135
