16855
72494
5279
22714
18735
10831
69846
97365
24429
53883
53703
1736
75671
11120
77156
1908
84974
28283
18103
89140
46030
73231
24465
24055
89463
84058
73688
41847
26095
55453
83678
26713
77812
91461
9367
20667
5158
57030
21845
56356
36916
52909
31977
88191
56617
34023
39074
53055
64509
1295
54221
10741
22700
65349
45134
53949
31832
9224
25574
73612
60254
47761
60010
99028
91444
81814
18517
23284
54146
1436
40511
37629
91327
30931
955
68513
44048
15409
60424
68740
15623
55616
48602
90788
6683
65350
36524
61294
11648
25323
23942
34418
79391
14907
66226
2358
37697
17610
71435
19567
43372
54284
15050
76161
38809
42223
20834
47763
3527
10668
64303
35298
61001
55577
9751
92996
49485
63504
39366
8496
62835
59196
46915
12856
44155
25346
58033
16108
21010
64418
85691
64133
48122
3215
13638
26472
62365
59784
72788
87579
3697
1248
20348
7816
70487
83458
81536
38909
92915
20766
37220
82237
65412
51435
58870
63829
29174
36709
59173
34691
65272
34603
28116
62187
91231
10336
92243
8608
5034
89856
71069
54708
43389
84636
89692
27742
24409
70897
14663
96650
2834
38236
59193
26199
86653
54384
82052
15541
18963
70699
1520
19647
47564
28308
74630
32596
68474
39122
96312
28768
60053
46577
47968
39953
3709
23699
2938
89933
1647
1649
49738
12597
86746
8062
44408
47167
44532
56955
24424
42549
5948
97884
54350
28194
45799
8837
94552
37470
97088
27966
74697
59799
27227
21074
54722
57043
35394
4728
82219
65019
28065
49163
21758
1829
2608
10156
3069
85531
62679
65337
96701
55973
11795
38783
91238
63540
77062
91552
37997
4456
31142
26498
84015
20192
60028
33133
67859
88246
34878
18939
14894
44307
80601
36207
14379
23040
5537
39112
51993
30559
63956
87238
63400
8729
44557
60705
80219
15855
26747
50852
33533
55299
11978
68352
73470
2132
17742
55891
68228
3213
99083
17603
95247
21521
99006
56650
78385
11868
79027
96466
29159
41835
43284
39628
22963
21103
21713
21808
26480
11133
28460
11993
86784
84369
87782
74318
65872
72608
67735
90682
2360
93175
69613
86813
22191
2379
51816
96443
42226
25567
28374
5375
80115
37569
4265
91897
93703
7758
57584
63475
74802
72582
2492
48215
26808
79548
57526
21920
56647
83835
27991
67259
60599
75184
12806
71667
92148
96112
92651
33662
85906
54820
85047
56574
80963
84486
30968
19734
34197
2725
13682
48946
51126
50770
3565
49309
84464
95922
74100
10281
37357
67620
32261
74011
34129
2887
96240
25345
17856
64175
94974
89400
97619
14473
15437
43607
78268
27513
41817
3663
5886
95520
63930
92192
62785
5949
22214
12462
28237
24371
28288
75381
19113
81614
37733
32305
34280
46751
20756
43153
7526
84085
26904
80768
84836
87745
23167
40380
12395
26748
74383
43663
38015
59813
94710
83018
96762
71311
70474
52790
14251
83760
60167
95105
98559
33754
68410
22351
15469
24805
3446
3454
21123
62908
84429
44251
95992
13673
77191
14470
82279
22590
57566
36083
85760
9261
43508
26297
35608
34952
93475
30270
99157
32561
98377
93058
99823
3711
72040
63877
29102
7244
17755
14645
19179
23181
46659
11989
59406
75190
5917
3813
7534
75717
70527
53642
60563
67052
14517
55637
81653
78924
66661
67100
17536
31083
45620
35773
18481
25203
38808
66393
40822
15500
4027
8294
81720
41761
43961
79510
4191
23137
86010
95150
16029
6286
66990
32648
67383
80413
13607
94232
21195
9964
63437
13111
46456
10182
10213
79423
33169
88604
19102
95917
23056
81710
42955
56768
37401
89405
33731
8382
12526
70919
37823
38184
97230
99538
27955
14801
28984
73185
5864
55801
29747
51560
92392
70752
75534
6103
11354
56009
30238
42526
43497
58685
72606
45906
32616
55031
65043
62206
47600
17874
26417
32312
49256
60432
40540
55392
89593
45290
27006
87218
29350
6797
8260
43872
18200
33437
59396
47826
84503
34756
44627
74900
28096
8938
10302
49301
35628
64559
82287
14792
62765
26092
40403
24220
26411
14215
57290
9163
63185
86624
60049
27425
32772
6849
77696
97899
26493
10659
92282
47560
26623
28705
7175
82490
10337
22869
16670
81709
32603
99687
70248
20304
63742
86415
65150
12197
76138
40156
59366
57562
98260
75863
39571
27941
42414
67319
12353
21813
15377
95183
84543
37879
28377
47813
76928
10109
42759
59620
57995
86638
21912
30302
52999
0
96191
36113
54666
84812
88796
76452
74623
28648
81560
94916
33142
37925
42698
36526
36397
64237
94582
73313
33235
57223
97280
10269
32573
61595
76761
63853
82911
33837
57774
51381
72944
73944
46051
30190
73575
84892
39495
27577
28434
42833
85851
24628
4057
39018
98576
58481
26743
10311
41325
23686
24166
23986
15343
31536
89526
21628
2573
12382
91939
64565
39065
3380
60721
24912
77448
132
28093
90452
77130
3571
33366
48423
27625
83031
51918
86485
96321
38274
78796
30420
60152
40959
80090
78425
6758
61273
39910
56895
61467
38563
3741
49535
14454
39007
69002
9852
78843
80469
53428
85378
83211
48482
94571
74891
90158
88751
85609
23472
48943
52629
93191
89353
81887
95946
29260
51543
17008
81236
2908
63414
22919
84205
42877
25478
95407
30930
307
61935
56937
98629
39056
59065
43039
49119
65560
59599
13885
7610
38628
64128
1532
12363
34188
51251
40672
66482
94688
44335
6182
66973
82452
33724
11830
14041
23348
75836
65796
90189
58925
2965
8964
6364
68102
73366
24660
22640
57378
40196
43893
36629
39721
96514
71192
57853
57569
35604
86818
88819
95629
65842
44272
75626
76432
67805
19693
3959
84572
11545
72394
44152
41659
48086
20327
40797
86384
47282
44130
75799
41391
54639
97861
44753
48496
7261
75907
80009
27930
47254
86468
66760
49813
68152
66561
42844
78340
42489
28399
94209
14184
71034
70494
3838
53972
46318
56919
22422
5306
6567
2010
17082
55682
80218
56211
28000
22479
53098
4880
46680
42233
61307
41067
42521
67092
33270
4077
24254
17229
64108
39739
93850
5589
43288
63402
93555
76236
28932
87823
33302
98983
76837
73497
99930
89913
625
31896
44615
97324
62325
72597
63755
92431
51406
33451
7007
2605
68047
94284
75969
50431
60276
52468
70297
35530
60577
46011
5860
43251
675
71597
50773
83517
78419
18169
19783
23423
8825
10405
65663
37480
84584
20215
68671
93265
47171
52691
39386
708
84540
77058
73665
9000
41469
