83888
21364
84337
32227
84640
52680
347
75764
95442
97587
84424
55164
92999
31795
377
79435
97069
89736
66777
47255
97090
30330
20616
49852
11434
92755
9622
91842
74923
29446
85661
13868
6872
9463
93932
75120
50578
449
44801
84530
55841
12657
69411
68527
1111
66276
8400
89489
53361
89378
37296
47472
8841
75523
12985
96950
14306
60750
8823
27109
68742
99945
74139
26814
98148
19103
17966
57020
85386
33884
65253
15869
42796
17567
33870
30819
68754
30910
53440
64858
87011
20296
1756
25643
50619
16346
98151
35483
24360
51005
51683
91704
95849
69733
4327
63269
23192
43507
99887
14178
65959
14786
95496
1128
81910
42508
76949
74586
75303
92830
77868
48709
7271
39793
65829
35650
6214
91695
60003
42802
69989
49882
89084
60269
82253
91275
56316
90406
75953
19031
92193
47838
60790
68399
39339
78061
47145
41778
85993
5845
6130
45218
32643
20298
26688
53535
25682
62467
79410
48226
83901
6630
67461
55405
89040
48582
45118
892
79286
66414
21332
21099
18637
37846
1318
91282
34126
11108
94301
88475
53470
80450
59838
72024
92342
47536
52732
94042
97797
14433
31969
93438
38082
94791
97393
36065
39512
40845
38818
47198
36525
61573
29582
2865
49395
29913
57195
7711
16927
74378
29418
1138
83795
2306
43349
48484
79970
38113
23225
75810
86851
7052
88676
76396
37954
8523
52356
35480
52162
1207
90512
49400
77444
34312
32278
98273
19716
75265
78906
45461
51844
16611
74027
90793
20323
6081
11769
77420
20592
33514
20893
68165
58279
51284
90308
92679
39082
84803
83110
44194
92177
60192
64022
61533
8651
77526
46378
76533
80521
79976
63047
43914
78530
1460
28178
21418
10194
52619
18173
99058
4101
35624
1494
88341
48331
54839
27322
27328
56860
9861
76338
8798
65651
19556
64745
76442
61231
38051
90896
52847
92976
14512
4286
35692
52362
49791
49664
20644
54758
60074
78189
22008
38551
7302
48847
98784
42829
5685
45815
88050
89603
74152
54781
87920
39194
78810
22556
69905
13957
67533
83138
66160
24014
69964
93427
60629
98851
96373
53113
95770
79623
17126
82244
29330
41101
1963
5399
48223
19212
92125
49209
50786
28916
3155
40525
8813
26342
58209
12114
7181
54869
31402
6195
8394
3216
92733
45833
19155
13780
69432
75750
76602
88599
93649
13826
12591
40020
48347
37178
94806
20225
41838
13368
49333
12308
8069
24942
35238
79132
62477
65899
90678
45751
40416
14885
59849
52076
92126
15755
99925
19561
62320
17531
49891
7095
52752
50056
57186
56231
49014
73001
72117
67027
77908
74518
27980
93839
6126
76955
29377
77804
69220
79964
52560
66266
43568
25475
23363
9042
83051
59970
28117
81961
31603
44573
45747
14085
79354
23025
46058
15814
13820
59972
52257
42167
97817
9916
68833
7280
47625
65445
83442
78347
60765
72066
91750
57048
38827
71997
68776
71663
78890
23569
99610
16768
77382
23724
41909
58986
61151
88046
39302
75160
93402
80496
71107
19995
37231
10364
72933
92832
11364
54247
17715
40299
3047
12379
42556
6198
65934
30749
41112
73411
28037
79923
36149
77772
84468
91049
17572
88083
44731
11982
15124
97748
15603
32245
6420
50376
86894
83821
21605
29815
80436
49778
95273
37712
79664
47261
94956
85125
17788
73977
44107
90130
36433
30724
60530
70540
67680
25234
26884
27054
51226
42407
16698
52072
39930
88036
46601
13217
71869
53042
73493
8449
24835
42624
12783
77012
94162
46346
70087
18399
16347
72812
37959
30010
4011
20184
35269
77024
54378
61165
4061
80735
58657
49964
85953
83546
46344
10277
58374
80429
33102
4197
93395
40727
4217
96677
46627
37455
97723
28166
39564
48044
52696
50739
82352
68857
4722
44737
88572
43865
51552
67686
83503
19027
50914
23006
21655
92067
49207
41681
49946
80863
95945
89075
74488
45527
18437
10278
11702
71048
55197
69856
61053
7703
14600
66558
58787
85271
21580
40874
40049
41873
64193
37651
98217
81623
24874
89230
7018
24984
42765
49858
9362
35610
89533
42897
38231
48954
28877
77052
59491
12014
22903
57885
88666
8807
99240
23033
27934
46940
71645
30384
75910
36550
25397
90938
76340
54906
76027
87845
8114
30054
9812
66114
62545
15598
35110
96535
31145
96223
33616
80105
23507
87992
87310
57004
8185
7131
43327
89800
80572
76570
58065
13488
73738
45067
78363
13614
95919
49194
75289
81641
15251
85192
96088
11904
21432
54656
58420
10290
33341
71165
78631
11347
31301
87779
87917
23513
28837
79715
96054
91996
26281
95485
74801
33405
63722
66626
89464
26274
94820
21786
87827
23274
73038
75914
41809
84467
41104
88952
32851
94415
39877
57970
39486
3932
51827
31843
68996
80100
85487
90044
98791
21192
68213
8914
43928
79007
45214
45523
65623
1819
50889
34593
2588
11722
87844
4419
81440
64084
27162
48072
84918
28245
27059
1546
31280
78057
70791
61337
50334
52410
51805
34568
97392
28490
21153
27252
68699
99222
80915
36678
60174
82901
12263
6318
49625
65577
613
13505
76731
15838
66722
41002
9313
99188
99806
50059
48191
54082
34903
11409
90799
51879
37098
38253
6245
13889
29756
72837
9274
56372
20104
72286
41107
30718
39510
72627
78157
55917
29421
34204
1080
34717
21572
72839
73956
10071
2251
70418
46106
72616
12227
6972
12426
24745
72648
70646
39831
51346
264
11647
52737
87619
11674
21178
8620
42359
49551
23899
60379
68309
87853
34270
9082
93108
31805
15911
68614
23357
303
37642
47902
72258
19121
20822
23124
17934
40319
86708
72022
54901
74014
90437
87010
72419
6173
58400
85555
74441
79985
40709
18356
12596
50172
78873
47620
28504
61518
13079
46545
33828
95718
31654
89176
82965
54401
69946
53211
94239
11263
62324
38198
38587
27370
46603
8243
10580
81928
54931
29341
94523
60348
1048
73608
16370
39312
46006
30282
16709
94300
68376
3327
403
32007
37775
40309
65579
80794
37988
30011
81953
88370
83550
23928
73150
77542
66293
419
99444
80204
5028
79487
70635
73334
12881
43183
23131
99637
7584
53873
91368
78720
57686
457
48817
44067
94070
44377
58512
77973
89319
48260
61483
80715
56666
469
9774
39758
38615
50571
83145
44341
6012
62250
61929
93356
6448
10455
39296
25428
4711
3757
38468
24074
81854
19333
71633
80379
86089
4576
57698
8280
14001
55945
20560
55789
84744
84367
6569
78626
93107
65395
73480
60299
72998
79732
