45082
87532
36490
47067
91296
20036
33643
74161
86878
35730
84159
35254
37584
15376
9749
27133
54023
28928
68298
26916
54581
4660
52528
82900
88861
26488
91030
18013
14083
57549
13436
34321
31710
30079
23161
44213
38249
10521
39787
62724
50305
32719
43347
55348
16591
51322
42464
11072
50629
8189
43804
69622
43573
40869
33096
90435
26697
11920
3355
39673
51784
99802
36784
22973
21462
36852
37463
93516
41253
44109
14007
98439
87442
29044
24971
82330
49968
16638
94389
24700
7685
81563
43741
89418
93896
80101
3138
17771
3962
86990
68176
42619
42687
42561
20983
21200
58689
53060
75554
14114
19750
36389
98572
20240
13094
4737
83015
27507
77296
23661
41636
93802
61542
65000
43033
67155
40978
93056
12321
67233
65188
81631
37017
81193
98913
66804
71478
12138
66963
40221
38703
96358
16470
80910
23909
94693
99644
46589
97423
53458
86188
55928
56178
69687
99624
31663
97641
7864
13049
31882
77316
64073
56329
32462
74160
16076
45997
28220
21596
93292
78182
13606
32403
83157
64408
56893
41924
77602
23146
10262
71889
25572
77816
62317
14585
12136
20003
8213
92653
39797
83628
41935
7951
71209
68796
77167
42999
85588
6345
94410
25984
44969
65966
57501
27269
48314
42598
7161
67280
27326
19828
75640
51620
32469
77418
54282
41059
36216
88236
60875
67776
17491
42021
86817
53316
16929
49735
26577
99746
60146
92918
7
35949
91840
52951
43836
53457
98469
79593
44604
42582
46203
43096
89910
73274
31835
63102
73397
68011
40761
5970
42234
61555
69380
51031
20528
73447
36314
47213
37100
875
21402
37055
77392
37617
37874
14280
75361
51129
43551
71660
46873
25713
27146
77112
23664
41999
54148
54580
2085
43757
77954
38789
87907
93825
4783
51887
89754
33002
87636
29207
93511
2029
94526
42354
226
66009
14066
67307
18428
88114
240
71591
74206
76880
41949
56793
19010
85196
85590
62650
62801
48700
17951
83338
38605
8934
76089
36319
62966
91762
53102
15903
92575
34706
343
7072
13464
38814
27138
97957
75138
6189
67676
50136
81054
59225
8409
77329
399
66310
26570
84196
43062
8342
72927
64328
6586
82497
35496
94585
71665
8766
76145
2816
51982
13482
20310
99068
20395
83904
68325
87601
42601
58482
41146
46163
34105
19878
58446
67872
1954
93366
86643
17114
7509
79539
66316
56059
62261
56836
41918
98054
27888
24766
71104
76893
23411
70336
92280
81699
8569
59745
56252
22605
28925
44747
54137
93920
97122
68277
1791
45474
16579
65764
34378
19931
62359
6191
49272
69888
2073
69189
84816
82499
70900
21353
20503
49817
98661
54452
92335
67517
84997
91749
94220
79789
78293
67903
74733
95904
9596
58442
26347
60671
35643
96787
76072
99633
46730
16297
80816
57802
44231
46056
71103
99066
20042
65681
1475
86497
91509
64396
72243
9763
82298
31259
57631
86120
46512
85759
23644
40798
95514
57655
37424
64174
53337
73779
59331
27811
50971
60435
69468
77654
14933
18757
97039
17453
75502
99581
38834
42820
80525
78613
37951
90194
64249
89917
31292
31901
94044
70218
53328
20030
91765
99879
71394
85615
45639
71781
73982
52194
88425
16854
77550
71691
1241
95925
53192
44859
20715
27872
74519
47640
47685
53696
14537
60397
34710
67712
98458
32543
40306
97634
41361
20119
27653
82184
52465
17275
6623
55906
52555
14167
76216
94430
99979
19615
5817
30972
6974
47771
24662
77996
37841
43538
34185
87687
86051
71754
32160
32045
90824
74988
73811
28633
37612
73678
48795
83542
23667
74743
11595
59860
69576
2804
28870
61590
62373
96705
46953
80136
3164
61033
41209
8994
97118
1618
26330
29818
42212
89951
32653
14889
32228
98096
32804
73886
11250
2457
88480
64611
81577
89727
89949
30087
91528
12383
99228
86748
55903
22150
45194
74369
44640
5557
33900
59456
76280
95521
20208
38866
33257
38944
93297
50220
91257
84985
37452
46196
23848
20120
40821
74512
5454
86322
43516
83025
57806
37488
37215
25283
70742
14976
53370
45015
96825
24917
53274
64235
56212
76609
22314
56391
80283
84646
81021
22326
66663
27330
45046
48869
39508
85342
89121
33708
63079
26530
32034
52836
5330
19831
48773
56021
80182
43293
89766
14937
4911
83823
23556
37707
84643
80231
31829
22190
78681
96162
7713
65517
23471
67971
4204
57383
34594
9096
62084
45098
85450
89229
39805
83786
20553
25031
30271
10059
84415
94715
7205
82849
88942
40070
77496
43051
17857
82285
24350
56131
83830
26786
87711
21502
66088
95927
4161
81022
35130
67138
11665
37880
46370
46396
51062
93914
7094
94975
93086
33962
84661
64539
88168
35033
4996
34153
80989
7965
67365
9636
72312
95391
53945
43717
56403
83455
94438
97170
27996
9295
99808
79114
11986
99966
17792
43142
42987
61603
75592
93142
2616
2618
50973
27828
96713
2697
25051
33398
85401
38715
74495
87406
62244
59589
81873
40401
84082
71985
22799
74414
14347
71185
74509
25420
83095
68103
10919
34299
8315
89126
93469
67270
52606
88179
57026
51644
28956
83086
2944
67536
70163
33272
98501
66859
87223
11928
77919
89282
65007
76508
68473
27704
4656
59902
34115
43847
24417
84809
39875
90930
64634
50734
43286
25074
31409
25544
32140
95796
53520
82503
30652
61324
3196
76662
68559
52209
90168
24633
18014
20550
55076
36509
4172
53753
9663
91798
6582
15334
54904
80704
83653
19413
61336
10240
29171
19066
78465
52886
24199
72347
19061
59775
72523
77628
47060
34164
30444
33779
47391
9649
40463
27709
99927
88581
13824
78213
98169
70037
61109
85678
91504
92735
28990
21806
96711
86238
56786
25499
95107
64568
62128
38953
18551
80510
69434
26259
78313
18144
8858
51245
53025
61252
98573
4040
39751
47513
60747
9139
46486
16703
59896
79855
53373
11301
61031
58089
90786
56855
12559
5101
31307
27730
62847
5455
57887
76074
35080
46732
94511
65344
67818
46618
52637
14091
9456
15887
9983
70121
20748
73035
72882
97853
94163
46432
58711
17039
24565
26906
87616
19692
76468
78233
39086
35669
26757
17271
86077
7830
15110
55207
93027
82710
47726
74136
86423
96581
29994
25828
28126
22771
80478
35042
73471
18108
66620
77517
5177
5178
33454
20207
90242
28254
82679
77271
81993
49072
86591
47246
32025
48981
21480
97620
86928
36417
61456
68070
18832
73519
82132
5612
15048
23721
57960
34881
71581
34075
22274
92195
78398
75176
12892
