29649
31234
5829
4045
3377
22702
65086
91394
25429
63927
19325
20599
26185
31684
68198
51785
96521
24949
67337
77753
19850
62041
60124
88759
14703
17905
23365
27422
84629
42710
61862
1348
34884
47260
27914
74606
67432
2348
20524
46476
35512
2953
50195
70110
406
93259
1576
70050
19296
66141
42339
66238
428
43845
27549
8118
10112
86427
17922
26138
34839
31352
12988
86530
12292
31394
44845
34941
94541
79219
47085
18656
28267
56799
50951
16457
2779
82289
74684
20286
68412
45323
9084
29367
76390
86985
46719
65772
6498
3754
7139
57160
19756
8693
31490
75792
48203
21935
76848
22851
86436
64691
17218
97652
4184
58538
47584
48449
20980
92134
53121
76486
62110
87407
74654
79598
19397
90658
56023
19360
77091
8892
631
37118
85232
85110
1581
25362
87674
41802
68683
19711
645
70317
4060
1001
81894
65259
54686
21593
94003
72352
5953
84956
80123
96715
66123
25505
7482
42658
10687
49892
44858
31119
70074
51316
55040
9203
77302
50447
27875
89891
85877
60658
65870
99263
40935
81392
92635
87842
94342
9615
33532
78746
93820
9308
88587
1847
83817
12744
37728
49779
30839
10934
27726
81488
93954
2724
92236
79355
24909
832
98010
66996
86661
13994
79396
69193
6287
52568
39921
83822
89600
51654
93815
74593
84455
58309
26932
17426
77084
13544
62815
96064
36130
895
46389
16052
64352
7256
81773
47828
84702
82766
71371
51011
59437
75365
36187
16527
81935
12680
2856
73668
44164
16900
967
80753
78351
38439
68851
71158
87748
65266
50816
41201
87114
1299
4144
79184
58300
44736
43186
97448
1011
85559
79494
29165
11898
6485
86437
30326
7966
1037
62950
44120
84099
30533
57128
99340
95661
27844
42783
85476
96379
55460
58727
54077
87201
49782
35162
8390
95077
93733
86619
69931
88619
44720
23083
64334
6782
81857
64359
80688
12024
81673
18840
47229
65483
6001
77796
94730
23701
60304
54733
89814
91869
12952
95971
26058
69247
76163
49396
64067
38704
66318
79939
7330
21860
35987
52571
32571
34819
33084
21566
84962
7631
86130
86426
13229
19303
87335
83159
79322
49699
91736
50470
78173
67241
61944
44209
93523
13546
84199
92206
25113
41801
33991
7516
80311
18594
60755
32406
32223
15280
57777
69665
33611
67899
66795
83108
68533
97816
68541
89146
60011
84118
90984
53118
65277
41790
40208
99956
68492
3572
74419
73837
65779
73112
29864
35414
8901
45889
98509
35569
80840
46314
50080
81846
43044
28850
46290
65888
58856
3591
30052
28170
85740
65513
38648
30843
59344
61189
29791
93283
19592
86810
8093
81678
89507
10005
16068
7370
95678
96842
14151
49666
66233
86097
99469
70253
91533
45037
70463
30858
6945
63087
35383
67871
64015
82157
87370
1565
57066
25314
20307
62152
49270
98019
42350
24834
56844
75855
1619
46999
1624
5926
52462
39372
90315
82243
57954
96527
52092
24696
24877
79522
70795
52149
31670
24348
11418
99047
2821
54214
1753
80867
77591
48025
5507
68723
19998
5793
81579
23777
4307
95792
82638
78002
35386
14727
8988
64003
10634
11556
87157
93705
27728
98881
30494
61766
82585
76269
3634
82488
5906
67332
47217
31048
71280
48360
67442
5111
1855
37194
6351
44330
42738
25945
12888
48820
43758
50530
44836
6593
7765
14634
84745
65668
71405
41630
8885
31059
1914
63783
7890
38259
43641
97949
29400
97921
1945
82836
35811
43801
92210
40753
75662
94392
92983
1968
84664
92110
53075
22120
7699
1995
16429
75149
83812
92866
31177
7431
23982
60163
30193
87650
84448
63810
5515
99134
25044
4355
46463
37847
9062
75377
31458
54035
98717
61466
2142
85985
61297
98093
2240
77173
97513
75759
34461
44686
55554
53332
99740
31692
78834
56143
92959
69677
91064
11414
92281
97347
41887
79749
6167
4380
25576
91595
25693
40535
68594
62560
72450
87972
28964
16512
63359
25928
89585
42647
19350
10661
81991
7065
66060
7180
76497
40793
47091
40075
35014
76334
3707
44069
16706
75482
14872
67199
58871
49355
31718
18508
61557
88403
57734
38520
40476
44274
45138
79194
28582
28773
98650
19063
20413
11810
22910
40777
93318
53064
76014
67625
73604
66519
97103
35776
62384
76499
35000
44028
70212
16632
6820
79997
13741
78603
71212
28211
5085
31478
30219
87790
36168
97512
31808
53115
64679
74366
38935
16921
17063
16943
63992
80562
35642
90445
21013
66062
82802
58807
49008
12719
37384
71760
92026
84764
48026
98468
32641
47570
74472
8529
82229
81011
98679
15521
99784
52110
66764
21979
54562
97444
3646
57865
90333
79319
85591
41881
74279
89071
26201
42110
7999
64444
97834
62358
10617
32897
60911
79047
99765
25797
54111
51971
70199
89434
41089
44350
74876
30868
92676
85177
95907
27885
93381
21454
72110
95307
60130
42367
98028
8436
72215
44451
94778
10867
17056
88080
36281
42438
66979
39914
85914
13900
11675
16606
40946
28684
70928
64904
96433
26584
18728
16016
12929
34898
30612
88026
35689
85875
69219
47431
97072
23917
3250
61847
10793
22990
43491
39362
90281
50319
78774
96297
93224
73124
79085
3332
60480
69171
74966
26621
33860
85062
3362
19942
31600
92547
39104
50767
20393
47139
64029
25670
25167
14705
36530
93044
61098
19603
76130
57005
51254
80839
95142
65093
63925
36075
4558
62222
87289
52980
95906
44220
54855
3642
53574
74313
70371
66373
97745
3692
83903
78736
85652
78923
38816
38558
48371
91615
58687
60204
42680
8184
13993
72441
87537
27650
20623
28181
21891
27951
19915
62528
20935
59222
84682
61734
72753
16476
41731
97374
49342
96750
85004
23891
62210
65700
48071
48029
10594
49454
9260
43264
79806
4030
97781
20099
67169
23905
30146
29041
31313
51800
45128
9846
61844
33561
19389
64783
75972
82675
48368
62771
96808
45658
73385
80812
57091
16631
77640
8910
51459
79740
91983
81510
83644
81509
6319
96034
19252
6977
25258
54767
42323
84631
97687
55564
87854
9717
96627
38164
84314
21166
4697
11574
6207
92247
76105
23387
26689
91781
53207
5058
23477
66845
32781
19550
39614
51000
58066
60730
99535
89425
59016
98125
21872
43108
54856
86816
62049
17434
32626
85000
93289
6583
30988
12521
98786
75034
41247
76676
14956
40290
42313
5770
86627
78784
49658
34244
82076
60278
40503
50147
16243
5443
29030
43221
10915
14462
7791
33439
12927
69768
79844
61815
76142
12742
75254
