78168
4405
17617
86212
24406
99691
57867
72994
26578
48889
6614
94494
71934
13542
52552
22588
6520
95452
280
4056
95731
53462
14551
96257
44819
84556
36624
68066
38279
37207
33214
7611
63761
23882
23199
50269
89643
46928
50475
91099
42371
71195
96412
65865
38851
22613
15665
84868
87341
59499
73563
29149
76807
81039
91624
29258
49896
30436
97640
27112
97398
45416
92838
46008
31842
5780
48333
81405
31942
61478
50509
30481
60584
63131
3679
22947
3306
26220
44771
66386
9335
58127
90126
28805
67679
98950
15577
13308
10531
97437
93993
9326
60926
12689
31965
57964
78179
87715
3724
84770
88760
51568
69603
58742
61415
27812
48181
16222
50784
73490
75703
83627
15506
59581
17759
37648
82599
45895
6616
25765
96228
88780
30827
80328
7624
99365
19153
4258
31139
86882
31125
46312
50112
36183
3185
83101
95910
56834
97555
36292
50169
78977
4715
6850
78107
50921
83826
64451
57199
67540
89825
81421
44332
30734
35869
56249
62481
69331
91559
69688
10945
4727
82475
87269
30443
55634
52734
47220
71849
86075
26875
27678
82104
31773
24579
61639
21711
81725
7993
58821
86144
60776
59199
22540
46360
22400
6421
65497
46549
56837
60132
16252
648
64637
12472
93821
23407
56275
90659
76578
23208
46355
92194
23216
31576
43740
77803
14017
59564
63929
1198
26780
56090
72564
1277
96495
59080
47355
69958
8467
7547
86767
76282
48838
74638
66346
15307
18166
25556
40847
37855
98370
2321
49835
15482
97550
30416
29312
23431
94447
81270
47216
36059
96691
32298
48642
65908
67205
93738
60847
3956
6054
64850
56765
70576
27964
53298
26889
96061
64526
71479
77283
43818
18261
36504
4054
7867
32915
18848
17404
47323
83666
27547
43583
18143
36708
12933
88392
86521
22013
23586
7982
57213
63139
76850
64212
82962
3106
42794
9890
82589
80975
39151
22005
19097
82355
77113
72825
16771
62845
7975
78436
85304
83936
31319
4513
69660
44376
84982
92608
853
75150
88214
76694
93714
67969
87221
79633
33886
22066
38902
35011
1102
55354
44821
7172
32207
92117
74818
66980
47396
52988
95348
29035
66362
47858
68741
70705
86697
31991
29596
54149
1712
5459
52382
4695
6053
76445
19823
27846
67150
38836
44181
99170
59019
6584
8564
95560
50751
72594
5503
28127
19811
74076
34097
83465
38398
67578
18695
69413
95289
61417
48622
84295
45191
61566
12002
40325
33602
29185
56210
54556
66475
28328
76728
7971
7635
48934
81829
14886
38483
29369
30065
98794
24999
91712
91773
62184
28351
61891
36915
90241
92069
34519
51910
12105
86916
26901
86018
64018
8889
70717
70089
23760
33575
64781
68969
74391
85031
81923
75418
59333
77157
32292
37972
27176
60381
42560
17250
35299
34176
13640
64853
7351
75755
14603
24511
35435
45178
29164
4374
62579
33891
7147
45470
3122
45764
47066
27380
11771
82151
53161
22104
37619
69502
40088
60455
91166
99289
71644
92598
448
26795
77632
68121
20255
69223
39133
24994
35490
76192
7617
49976
539
29249
40784
33343
64525
48890
98183
41371
44620
94161
18913
15016
6460
94573
61942
52247
48293
35732
6474
4696
56858
21940
46027
62423
77229
21945
35121
84620
83588
79540
850
5426
63215
51230
26863
38569
24056
68967
34203
73674
84164
76406
45870
45542
33128
41651
98014
17955
74227
5444
2084
70176
54242
75203
3200
63500
49212
47353
68828
45215
75583
83714
38832
89388
95627
94184
57013
84339
35419
93597
92324
12598
78432
86106
96584
73216
72771
80097
87108
55268
20300
74659
84527
34943
44500
48931
44467
57136
11217
53688
31065
40764
42383
68977
45376
81895
92288
18270
22372
72137
99985
65765
16967
85818
74882
14935
93878
9527
70667
18920
99446
61461
85424
94369
68145
36290
57376
67232
72317
21389
21467
96099
95482
56686
70866
16965
28067
66143
58841
50225
12723
3041
80334
25030
98230
92821
52189
6938
31645
8690
36357
97542
71271
11609
17676
68430
33446
40931
16164
63894
72401
19933
45285
60080
39816
75537
36917
36255
52558
63556
75797
90047
28670
64172
9545
94102
34705
18374
71172
43223
98744
18630
70840
40405
31927
6875
60258
95235
53513
31772
63291
52287
40191
96164
36457
55065
95587
88361
75917
98989
8070
87466
2517
47912
44533
4279
34054
28487
8121
65990
84499
61504
91214
95928
56108
19141
90372
77338
72311
9875
86500
32972
57317
27027
4719
87658
31241
31573
12032
35868
76695
30987
501
40186
66936
90222
84366
80507
40169
23214
1635
36443
73868
73382
19914
54061
91807
34144
2449
88799
48302
62097
3541
11656
81651
4468
41303
33576
45537
47847
39589
68498
94106
39103
38516
744
47515
93082
98985
30166
72231
95798
95431
64020
60123
27600
45579
6531
60291
99855
7798
64852
6499
78205
57808
89276
68379
35663
14103
44084
14938
1698
63733
74532
27311
63182
54766
9773
50632
48990
88209
25890
65070
45690
29978
50956
30691
79302
12814
52464
24496
59332
54230
70477
12475
50508
26636
17959
31924
6557
63420
69635
19836
87144
63741
97579
72173
15732
15480
17293
27198
81486
87504
18283
2589
86156
6023
78532
29531
58889
9293
53494
51425
48076
43628
77080
26142
90999
22281
43744
41381
73002
12667
47745
2750
70325
38532
1272
97887
54915
72088
86306
61731
6083
56584
89118
17828
13379
71081
31421
74959
33980
12752
37778
21002
7402
65931
91354
49082
43761
72223
51740
98174
33904
76645
47700
22017
28156
25163
74869
4616
88954
20675
56781
80980
59419
85595
74106
63338
37326
36101
1926
60398
56681
99661
38380
85952
49456
33906
37330
49889
81204
48746
64807
28757
15811
62070
28239
51163
9248
51122
61965
2252
50378
66000
24280
16349
79903
36264
36521
38481
75838
47485
25801
9905
74502
73066
81556
77168
99076
83717
24603
82891
15168
31164
79629
75499
4335
52057
74410
64178
12848
36099
19143
15395
43202
70847
16313
30602
96585
91606
53410
26818
90578
15894
40725
50010
3235
36096
38402
55104
70535
65421
84476
92336
93272
74197
66522
89628
34974
86908
14190
74730
99414
32991
89502
82510
71535
91412
51671
79229
34894
93411
69135
47962
6898
40103
20569
71440
14627
96991
47976
98548
84534
72999
70397
66629
20077
15978
47520
36663
37450
66948
64278
62563
33244
47184
71128
44691
41674
30863
92743
14879
14389
87693
44593
61103
97578
79478
7313
77250
49764
13397
62452
94768
29095
63501
