20662
90178
1192
93940
67716
63974
65904
81686
41512
18984
48983
18001
40043
76170
83079
32694
69370
26192
78445
16063
2056
34427
50424
24367
53589
96576
95750
69092
39909
46237
73803
95426
4766
88219
60206
73822
93883
96799
12513
89819
72512
72676
61686
52642
22971
98706
27278
76941
3221
8805
61650
24394
87783
29383
56917
77390
59038
10985
62704
761
72000
22690
31517
42432
58301
95829
22977
39621
47694
66370
92108
51509
73713
39481
13833
33756
13745
97142
61315
81431
35630
63571
77217
79942
59012
87084
15669
84869
45909
65585
41679
81318
64119
19458
69906
46121
53976
13123
60956
40864
76651
68552
99403
911
47592
57816
1177
57310
36854
54983
66866
99367
56113
53850
93485
92940
43393
77577
1614
21260
41644
17949
18967
15961
92926
88786
61218
6278
83813
17427
15476
11814
48455
51471
24760
64350
23160
28846
55483
11618
3149
83693
94781
23052
75683
46387
96783
17379
29339
26964
9480
36609
25291
60179
96157
80667
51839
71098
90812
73225
52826
5514
4852
56525
12823
88009
95598
77777
42930
46204
25589
59978
4838
49148
34814
66714
52235
97137
1188
58861
62672
7997
34341
43453
51855
42264
91794
3715
87496
48834
7088
20396
82153
24850
83168
84555
56340
13249
25790
52672
34255
13651
62399
58507
50017
90212
76581
69275
75097
64200
74479
22722
34807
29989
22985
24474
21967
34891
1349
94735
82812
42740
81145
59075
33452
39503
9271
77563
86793
21775
90463
36408
97793
48174
68760
63544
26160
22622
53019
26753
45441
29187
24691
30041
64251
30656
82057
86961
91587
64569
4914
42475
7367
19509
33269
40222
39542
93009
50624
92870
88883
37069
59984
16604
68768
19628
40199
1611
67132
24713
51890
98928
57801
37167
52772
23745
83227
4813
74997
87787
15088
79816
49710
17034
19159
46660
9900
33631
54309
30805
24442
16655
51303
89478
74476
35613
80615
47378
47328
33006
52599
75130
13392
1806
39623
33043
62709
93880
23825
18380
87766
3798
16128
73428
78458
15964
13328
46788
69333
78181
21465
74626
16043
84587
89572
26110
27800
48297
12583
35178
84152
13665
49669
63316
37001
94012
18701
72091
9798
93304
42051
97752
95569
63243
28268
75141
2025
25723
31562
97341
73437
8423
28186
28403
76888
92745
81520
41214
13680
93255
12491
46148
41415
27099
87868
63703
86883
37763
44229
41933
38215
83703
87328
32964
36695
25536
16607
98644
34654
36732
99864
80006
38486
31556
3673
79146
11499
31922
80884
47414
68236
8092
2276
80833
27406
84877
10830
79554
95866
66046
22559
15821
31906
16012
52904
65103
37544
93786
77715
89436
19422
89092
79506
10553
78486
48118
32612
99071
97176
34400
34110
67221
56744
74599
23832
26176
93680
16786
50031
8211
44064
56887
32413
46815
42213
25725
16204
3312
7122
97959
52223
57447
46185
6143
29034
99888
95212
4212
26925
2628
15742
42888
58840
29106
27590
56509
82186
51490
74567
41126
83941
92159
54834
85112
58996
82480
90868
92070
17863
17489
81844
90033
98108
10839
9944
61127
78184
48288
21219
25565
94941
52919
85200
77508
91833
6277
70985
14632
58174
41026
87909
37813
91204
93730
91858
90650
9597
70469
5147
25809
70333
93822
52859
55962
13631
81867
79144
45992
53135
19682
56662
73636
54882
87068
48760
77959
69798
77876
97149
34616
66317
54142
18974
89130
61730
5251
83524
63714
77111
35875
52328
98708
62851
48246
79074
3576
23266
79556
3594
89864
92690
22119
3619
69623
69139
57726
96281
79790
71135
10463
60573
16134
9548
84074
22508
68170
27103
14257
4709
29830
45977
45801
95695
20316
30535
44749
91597
50516
21839
51384
35961
12979
94919
87287
77644
9503
8703
31510
52796
48643
70953
47537
75941
45204
31696
4376
55292
64529
52505
46864
46608
25134
26798
52646
27420
76424
56251
23009
35277
71862
92351
86794
67584
97902
78067
12371
44984
84110
70359
96923
64838
90007
68246
38166
6821
40345
94140
15160
35439
70614
65024
60358
31149
72249
21250
57547
48939
47495
22890
44592
25573
14036
55239
90894
39549
48761
31494
74974
66765
82447
63972
88885
75272
30181
65678
53334
13695
78396
9684
88836
24287
67469
84513
32522
28828
53917
71419
78405
37024
58266
57509
50486
66133
32096
7755
49691
70203
83267
26557
43013
71001
68787
41581
13995
74911
14353
39752
69582
90573
46740
67454
73967
36890
29776
25136
86965
23389
87757
94165
56845
93514
67494
19351
26465
79105
9433
9657
54321
48304
16069
20977
76774
38039
59399
18926
85239
35215
77686
77928
38874
69909
44095
93500
74082
27697
46390
56312
23144
82511
8558
63312
27702
12830
48784
11115
14900
99839
9854
86848
39734
84263
41345
9294
64700
30468
82751
9114
67
56750
76108
46049
99286
76152
3501
82651
3220
29302
79661
38756
31253
77671
58755
67743
93995
43558
716
67147
10833
10732
90756
80221
35818
67217
94011
2530
44833
83258
77839
58585
23522
72251
85918
640
69753
9973
71812
74844
73022
72253
7593
73897
32436
62056
32065
64717
32959
82504
70228
29203
82890
55676
38898
32821
71785
20432
30412
54462
66484
6839
98742
17159
19306
56546
54182
44746
96156
4483
12177
59713
96515
6404
41676
17121
60255
28943
56410
63653
99459
39307
48005
33541
67928
98512
96367
32542
53435
702
43561
45741
44303
82858
29579
23918
95536
59194
80629
99889
7390
54884
84741
91340
26869
5519
62016
75310
92513
96436
78319
27234
84581
34165
55262
904
13360
49614
2152
42638
8808
23630
49126
56575
8936
97642
32158
72122
95831
56248
87520
25532
53339
84794
6453
7987
80731
39157
42462
53614
14807
71978
67995
21830
70644
64661
95269
55735
17044
6643
72665
58027
62757
15069
87870
70553
459
82637
6932
69642
26015
75340
15958
18418
13267
41305
87539
7625
30069
59828
53705
34566
73985
29789
66254
77702
47065
56032
13943
12738
84859
97767
42322
96185
52548
97064
4581
533
4350
21794
17854
40509
40996
86713
45699
74823
96795
22082
83046
77369
72325
89726
65510
16910
80359
38596
98636
47443
88397
48311
571
38242
3021
20580
14964
96878
36276
82940
63282
97349
6736
30067
20735
2776
2637
24527
89269
27821
16190
20871
58418
50329
17346
98565
88645
49285
79093
6411
28826
71181
45195
55126
19866
41302
15874
56928
1244
13968
95612
31488
24990
84342
68304
92991
29328
51489
90219
639
16924
53613
58604
89999
27150
