35958
68935
76967
64857
74156
77107
21242
39872
60959
38998
91061
11129
67036
29931
26857
43500
42558
69466
24390
31432
81291
35133
18916
40941
39703
78598
95109
35563
6518
49845
41023
9273
72464
24376
15293
23900
27335
37367
16862
18560
62779
74029
73885
75921
75163
93643
94799
98256
73234
67752
39477
11046
27574
44346
75013
65789
59856
75325
8178
55647
69491
49492
47278
30726
27554
90486
91503
10316
56370
10768
92156
49447
11963
70712
29541
81053
58539
15178
46783
30373
66516
99431
67430
71704
46112
56783
77096
16481
58882
83726
13893
15491
28620
99452
13547
73040
85799
60271
5946
12468
58867
82913
59309
24887
62515
6065
81218
72207
63932
72349
62011
66694
66501
13186
80607
42871
95778
10488
54289
66577
68873
20123
29153
60235
49536
58809
39834
20841
92603
201
96901
59484
82331
29910
64595
13107
78902
27206
20483
92405
27675
93275
150
6637
62495
81008
36245
79988
25217
12753
66331
80589
50426
91549
69480
46895
95975
39731
62356
43149
54785
87236
22156
96023
40331
11278
67958
8100
36082
39001
65763
7790
64766
81197
86268
61808
52877
28333
33435
65045
70568
58467
41555
62962
239
14955
15084
81816
19690
90797
77731
77379
31799
49080
3247
55132
1499
67912
42894
90931
82008
21922
48548
12664
4644
45430
18768
14742
69157
13508
7385
13473
10167
86178
43189
67485
54396
73270
74427
99645
37966
19110
40732
98897
11235
46359
94274
39553
61209
99226
15803
67884
5079
84433
54954
5063
23378
89532
88564
31515
64050
383
36965
80158
48764
42925
22774
56051
30204
44849
11519
74533
12846
22229
42868
41515
57424
68812
50355
90645
40743
83392
52704
29623
33920
63827
82979
7842
96411
90865
98889
81064
70496
55440
30034
87118
33697
57087
43697
47419
32807
59093
93834
70143
505
62745
2101
23537
91986
47868
24196
74090
1839
24495
63611
82522
21297
98453
69417
55615
526
82167
8396
54386
85910
12064
65960
59005
5696
76739
16719
95207
63508
2832
12607
99415
26790
47192
11606
64274
57861
67813
27304
19151
36867
12040
16350
22195
82523
96130
70653
21057
53447
66835
41114
74035
85105
27997
89426
22841
40803
66527
7295
24157
55023
71056
14441
61683
16529
17227
69986
56450
9242
59810
39093
90209
8060
64412
21809
991
33167
22626
24295
44078
23212
43774
31999
39211
83564
53565
9436
7701
5161
8039
21129
90837
74087
97919
47727
37131
50831
4598
14314
737
5250
84656
87786
97453
79050
47984
19901
78348
62178
766
74521
67467
81141
9733
94256
32000
37459
24558
27460
43764
39369
29281
75485
83758
35767
13371
85463
38480
24551
98318
71752
88721
85779
24128
32721
12201
6113
16587
89260
10152
77375
23681
87604
47677
56883
58318
64096
68457
53183
14023
48378
86604
40262
67097
67215
48103
79742
28803
53844
65953
4314
5782
23228
38117
87939
71650
32111
44462
30088
95035
98773
902
91684
77474
93791
21905
55531
42038
84945
96635
2217
36271
44279
22574
52023
16254
75229
4944
46840
65927
90414
11431
95926
9625
84708
30852
71026
76221
87315
5523
86193
23187
55969
68305
67166
8737
41116
93539
37703
94921
31261
90953
94121
77098
79973
11004
32036
33931
98846
57484
28599
64985
6568
40266
89961
88987
26007
74469
32195
63942
55829
27927
32449
1066
3353
16072
11043
65989
37020
96247
66772
78065
78440
38777
63374
49410
50616
1104
55282
69062
72300
49949
22655
86936
87344
62981
29750
83559
60538
66161
76780
43789
22170
13571
30382
90767
21765
62059
17627
81111
54814
29637
4958
43899
81877
41404
83638
97987
37032
44823
30042
58488
17488
25227
11410
69341
59855
10994
98848
87764
18118
93458
51841
23321
45289
67460
28389
20452
34363
16480
21172
94675
68543
14198
17015
6690
61321
43326
49803
64879
27313
33114
57451
35312
74002
49918
19806
60566
15689
57813
5560
83036
39392
12277
20546
82450
85776
68738
20781
50522
71141
95435
12128
94333
76363
77643
95283
93346
32233
1314
28359
25160
95341
47304
95703
32520
73469
51297
48956
71401
99479
43007
57920
57938
5321
80741
12715
22751
89374
8854
1536
6770
90362
65391
71737
3858
24374
96637
53173
73267
17032
25229
89952
14072
88087
86774
2047
4758
91498
95548
70019
11907
62220
13662
72007
61433
47251
39725
25864
89189
85600
57257
70107
43962
43755
50161
85137
22011
44047
9704
73861
99550
84525
80371
15933
28132
85680
47773
24802
52661
38029
1544
80785
20976
1531
77813
3893
17040
75804
58829
34279
29456
63246
78402
37819
70746
20595
87801
30248
68640
71461
31217
23244
10147
20721
44012
72197
47718
33001
33916
4650
27605
29181
48014
1631
77134
6725
95665
41784
25649
45177
42695
23663
99946
16865
85693
35656
90056
94870
53616
97217
46624
75608
35905
67301
50339
95765
70994
95944
82429
67267
65427
86354
51137
24053
6092
23031
44459
7266
63339
48247
13114
86493
4130
71913
1762
42244
99792
16466
74394
61213
75950
90425
96072
83052
26921
23764
59752
91803
64347
16628
13815
48698
62487
40815
43283
63483
74402
43395
56603
31642
28509
13095
97020
86783
83220
46047
15224
69210
89160
34140
12913
50380
16085
38096
33623
46597
67496
4730
67078
65426
22689
82964
26500
18390
82714
21673
73499
87685
79738
48631
99290
90269
25158
40519
32486
32338
77880
17783
84898
51691
34971
78450
59901
87006
14277
54956
54607
4520
11480
41022
66703
2402
78646
17770
94721
78510
41569
42967
70819
98741
94172
58802
75453
49337
36028
14501
92888
13454
78747
96364
8836
58011
40980
22377
70935
61896
2053
40838
3869
19871
69409
57962
93748
80780
81206
92217
68542
81179
17217
17791
27631
32210
95698
8660
55778
24292
53033
27495
91883
78932
70565
9871
55490
84878
30255
45730
5616
7425
29071
36748
83587
47587
55779
96668
93799
90170
87475
23866
93801
98288
83526
91683
57890
80710
41863
99773
44578
74492
24393
37679
80453
82765
25923
69565
30561
15350
88743
70078
75609
50438
3490
31277
25555
98970
67707
63127
78008
91967
84848
82037
71884
31157
66816
73703
82397
57042
21119
15596
69344
5285
80089
45814
88400
46275
20454
91401
21724
2422
24437
77358
42702
93606
86676
37893
99662
23202
28199
4832
69378
86167
60032
84793
36001
57615
92502
55339
42789
17033
88973
16765
62740
56534
44561
99903
56524
59891
22316
67017
10892
73052
96560
82866
41616
67861
40002
