71465
65064
9303
1215
81435
69929
82829
98308
21834
56796
86391
53101
31347
55785
14451
65413
71362
12101
25487
11966
12458
76365
54724
32022
99426
70800
38276
15306
13524
56562
50618
33637
20658
52825
46964
24492
32726
57746
40249
17201
85332
93006
30250
56501
74176
65673
40050
16019
92096
41210
73909
41347
12930
32169
2783
58256
72532
85920
8667
74922
49930
47986
62573
25226
94354
7499
41406
85549
99456
14580
55686
7306
56159
52723
12349
7900
85076
33592
34718
16545
56180
42762
49619
62886
13644
47870
48381
35041
5417
65606
60715
82591
56382
79925
83579
87470
35346
27718
1533
90838
1580
75042
61626
63062
56725
98024
60596
5472
91470
38391
93446
50096
40571
83427
71755
69581
24328
54238
24438
76938
69968
51053
12901
34032
3308
16143
48594
9165
38607
98210
96997
65096
72439
2503
14121
46127
5393
82787
86026
47637
62987
35835
97195
26745
70949
63196
9553
35261
17858
5973
23713
81166
39821
25633
41983
7433
43615
41082
4918
69399
45448
34213
90978
58383
11705
13713
39594
37139
48614
70255
55857
14186
2090
85339
47345
79033
71915
67040
56625
91845
12726
61229
49569
91187
1575
33636
14707
69079
75456
64002
69011
5465
37110
31660
23938
85465
57582
10447
30206
47031
97753
85057
19733
50484
84709
50865
58921
3127
3887
79131
222
52327
58046
82882
90017
58697
75881
31682
93545
40184
85222
49663
86376
45532
92320
40338
305
9565
88528
84305
84138
41369
8827
48589
28474
57891
8952
99135
35947
75421
32479
74262
45710
16293
38550
17396
52907
59205
50806
88052
89712
89256
74169
80567
2021
468
95314
99833
57306
68099
88145
55999
8265
47096
18254
58106
24232
11831
88637
55692
18302
91385
97136
42977
41387
66451
73069
97300
95463
1809
2548
13996
33638
25753
11464
53662
49473
82788
15560
7265
11361
29952
1915
9176
38173
79116
24670
95286
80410
53469
31084
5179
30644
36533
75070
50493
82205
16580
94584
26724
69424
8202
28256
18128
65137
73693
28246
18546
88321
98293
25506
57661
21142
46837
10297
65723
2100
47059
44705
67742
18467
64510
31697
33868
25013
43016
20600
84319
1142
22475
9928
29982
39714
16398
14003
58492
21670
7136
27351
57439
88635
35672
13085
46125
7520
89854
91850
20876
91863
13761
71723
95638
67445
18206
3923
93382
90185
20638
50501
35348
38588
77100
44867
70020
79424
79586
12710
72873
15612
13365
1572
71398
33847
62000
89044
4496
48165
97203
12493
66498
70357
86650
72020
48842
35988
4829
1808
77689
39756
70274
74637
4721
77997
74333
55893
46959
44027
18857
26467
2468
18583
56384
83049
4162
18386
4779
89523
64384
44419
16181
92309
54645
95724
85573
21901
11686
48254
7892
55298
48495
52221
89108
89513
14268
91651
78989
38653
42862
86836
61895
78849
24593
88727
11394
91101
83112
35710
86261
50015
60811
52728
42118
9686
90997
95163
90921
52597
57986
54636
47310
15969
56885
83549
95129
82332
2878
95644
2930
60992
4803
76601
81942
48569
86481
46843
45584
13704
61677
53010
27555
10958
63068
45676
99671
94089
52354
6604
9927
9323
56606
4607
20492
54900
91052
12821
69211
6527
38245
96044
4392
18491
71234
3862
97202
84935
37837
29975
28321
33477
69620
8986
71008
85604
41207
21107
92861
25522
95801
11602
7609
38594
32677
34995
80666
18157
66954
31639
73833
46280
78482
97153
7333
73525
55028
77529
99631
16864
77900
78850
74020
60272
10753
19278
71023
11381
52726
24008
46213
45346
3559
12936
88867
90541
50345
21857
54824
31413
20
88603
47023
96159
26456
87644
14814
34854
57
79067
25081
32615
81649
7110
10635
51569
81294
62387
61514
56567
91372
88510
99023
16050
10181
16037
59174
54205
68884
38282
68651
18155
6356
26469
23946
85273
76642
10603
38922
73709
67956
3231
62729
87491
73749
77311
61216
61205
41748
44743
92341
3059
23453
91041
59351
48319
91972
20356
66399
32009
59432
74962
3194
28666
28852
39633
51601
54141
78864
96632
94788
42082
39110
35031
291
94414
81662
5118
9115
69854
51361
88195
30029
58924
96057
19539
59433
46607
61475
27321
59616
7521
90525
40615
37923
53429
63705
42417
4652
36538
65581
578
52583
47358
85474
68247
53525
28118
27487
47049
25732
52650
74330
13489
32052
86615
85871
31974
32865
65924
52154
91116
37210
74994
98652
16954
52202
60905
57445
51903
4452
78039
24723
45938
836
12855
40986
93867
87669
59619
588
75775
74897
57238
64494
53209
65343
20385
93590
71961
8067
55417
32722
52395
58908
11738
33621
85019
27159
47403
85666
72797
34532
91585
5675
83571
1000
1535
95504
83896
2391
57835
63926
48395
98349
73166
96858
57696
52190
43831
42735
54204
55414
73893
96998
58983
68800
75966
48919
33119
58094
45189
69077
55726
36911
8787
6021
53839
87628
8611
39099
77171
41184
73165
98507
67480
816
73020
13756
94028
20737
18311
78265
91266
78938
92659
26169
5210
1115
36945
66529
41213
4593
75947
43569
37915
93183
99533
35426
45034
32707
52168
2364
62510
49023
81606
29259
85434
59717
21591
51177
11823
57507
78071
1495
74360
9598
24068
19079
82915
59830
29608
58652
34374
80984
75363
88549
56864
94198
65053
10512
66339
97387
10137
90671
99716
22331
75031
94020
48194
62408
63621
80195
88742
81901
84284
40635
83316
78169
94572
32026
60076
9166
42401
45681
64191
17681
5078
25760
89858
29290
98587
45627
75725
18717
88235
23587
50106
84289
43903
36886
44487
54366
31365
43352
53427
79241
20707
25089
42882
98408
76505
4446
50477
58413
53847
12474
76702
66726
6281
87038
8621
79523
67048
93413
65422
32191
98905
49087
24067
27595
14878
83107
22821
78435
79959
49359
85012
2580
98526
83492
26940
25221
24682
96573
49130
79652
52668
12611
50885
4511
58230
87233
14502
12618
68959
94920
29334
13661
85710
52595
99084
1987
22862
78990
76700
57070
89409
32797
42713
89499
6831
8904
75900
88430
28258
6297
11169
7528
2602
83326
31235
83712
2060
86579
21359
91892
71896
1977
29757
10552
24688
51970
45335
53311
58294
64407
37792
85515
71130
31834
56788
99088
38799
67658
24002
20542
39635
4812
6656
47280
37842
48466
52455
46207
82618
59872
75359
42429
36209
71758
54327
84391
8267
53964
73655
22371
30547
56289
95657
73825
82526
69081
98981
54849
15990
37166
54612
56904
97340
3411
2829
73658
