36274
8434
82410
82049
56163
76759
38822
93186
88075
17652
14100
58432
63266
99193
96183
24813
94281
72993
51188
33950
50034
93269
98932
87525
25035
69783
67585
90129
21554
98077
85069
14860
2817
30126
67421
33523
12326
81708
29807
52239
69181
8673
88226
41996
29955
42723
14012
27372
82852
36340
53006
71768
34471
28939
63450
79094
86374
8490
29886
3075
21626
75740
48617
14499
37413
11640
30197
46116
26432
43942
26643
68582
94202
28927
17781
99014
39374
34243
19820
78085
96458
5082
45727
33077
78186
62735
75032
29802
61457
12807
62005
18045
16546
11040
38157
94692
20352
88330
16142
55210
79234
23990
76671
64196
83596
56508
29213
78052
4605
42873
61726
62881
49164
60804
56826
46487
5918
95051
47492
84835
15305
82135
54485
4017
18893
83144
86407
38971
50463
89635
35233
99287
88803
80843
39783
88237
9380
8132
22596
9221
14489
39859
77723
85033
17277
39333
49004
32856
44102
21799
79931
15054
79827
75575
72153
65614
22483
83495
93239
96076
4590
6710
76881
52675
45296
42352
14061
46273
12259
17439
71994
52594
4946
31320
61977
6845
35878
25610
25394
20807
82878
15372
14877
64219
22387
90643
41964
48725
16912
50221
83706
47347
17843
88797
64229
59749
99939
77203
39809
27476
77242
89621
36535
38854
12668
85279
45703
11586
64625
41416
11122
56578
45498
6159
32431
54746
93487
94917
14625
44009
96081
25727
94498
46558
35593
31685
85789
22831
97204
79624
66809
41789
55929
75538
88674
25577
11552
54745
33304
72236
28005
91022
88275
67386
69924
59336
17948
94418
43130
41596
82391
21295
7920
7962
88200
82094
32291
76448
67877
94758
74805
54850
57217
38969
94841
72501
66507
71871
89569
57112
98959
46867
14423
91743
30225
97743
53716
41947
26504
88344
91515
63408
20994
77887
54195
48225
42507
70288
27537
41811
15138
56392
54353
72613
96540
69957
44386
99042
79650
60199
62064
49282
58080
42581
74165
53908
85992
75268
78992
84340
60968
97455
32167
79826
96990
37467
31306
13450
15918
35796
74990
42926
6242
49095
79436
34425
80196
34818
82004
44
78644
80799
56380
54569
62730
22981
74354
23506
24413
89642
55506
81467
42177
47029
30918
14435
37916
86
50092
49061
34934
29118
30251
95879
98
37817
75826
14630
95506
49503
52644
75963
16454
98375
91232
99036
16155
38643
78806
26770
45758
130
76865
91770
57510
9445
83346
88777
32493
76950
88653
78798
8031
44264
8811
46988
164
81224
50126
79499
97171
5016
47793
82064
73046
90964
79833
44262
95596
33911
50246
85973
36670
2458
52913
71000
29887
41815
69686
69048
69511
4629
36468
50635
29769
88541
76433
90421
4091
12529
25171
85467
20494
54064
13747
32083
77184
88776
39322
66738
45084
73294
71469
85358
24741
14989
19948
35785
37287
82002
49754
10491
59492
89049
55998
1469
63546
24323
63901
37731
52692
7376
60376
73939
52485
26031
93869
74633
54216
80130
45097
44378
3460
61664
64819
39075
53640
86052
65405
63754
89026
68444
16834
50212
3129
92631
60002
22960
93785
6355
90264
99345
28059
67257
61914
29025
16203
94151
43217
36039
27411
46503
23596
25275
78197
77192
29512
16612
22057
75747
97479
94000
75370
48435
72902
92357
18595
45945
71356
67187
11194
21282
59969
43677
29390
36466
64960
3376
98732
11871
46830
47228
99115
16688
76590
480
56982
89641
65123
25667
1660
82482
99059
70849
10660
68041
4006
37771
41134
50216
23237
42599
53187
15638
82792
86893
7430
76616
33427
48291
43060
20360
67795
23716
83180
69301
60009
34326
92248
72544
26831
39337
35067
12693
7228
66750
21443
30152
84007
34916
33504
34777
65149
24487
5110
2243
62642
86722
63507
40168
94819
604
89098
73898
87837
86370
79643
78793
26890
80353
50066
66011
52113
13830
46731
52827
14915
23435
37582
49713
63009
94452
33652
13786
1654
41284
78463
53823
97414
34909
5715
16959
84652
96564
18847
88789
74960
15212
19508
704
43135
710
20416
79683
31844
44765
46458
62171
35880
94568
1029
64885
39685
83196
41308
81676
45039
66282
57483
27015
48432
98680
13139
82032
51733
9289
60072
89869
38212
69395
87465
71363
35704
32283
30978
88444
85854
68905
30603
17679
76006
97660
35296
22174
2571
7540
52864
87623
31860
91861
98502
62569
12669
71402
21801
77053
76736
66404
830
44010
46222
57050
80716
79401
83865
72227
32801
98770
34639
47422
85071
74759
9232
47950
14898
95215
35103
49198
29677
72823
36131
27883
4136
12473
18402
73676
77199
63286
51753
7846
2370
79153
58346
90774
66379
92113
94400
21069
65697
13712
94982
92667
17000
5862
91550
15763
8965
23505
7909
29318
80354
37694
99906
32284
39667
61160
97516
23846
44494
16165
81588
68404
969
15244
95065
91357
35847
33357
47226
12659
64635
55839
82583
23360
72723
62825
81470
22384
15454
29724
29715
31251
93654
50312
52341
9727
33759
21367
86412
71157
31787
91164
31416
58584
75944
67313
28087
86709
54198
13561
15410
60047
78177
49642
26779
31151
63799
79306
14350
13648
65873
24888
83654
61883
84290
90783
59470
2934
85153
90770
93710
95295
4329
18466
14881
79120
7031
2387
72216
42972
89250
70476
49661
12934
18448
19437
81319
67304
72866
60282
49787
97961
70659
70688
18941
5823
59457
41443
7343
76200
10327
41460
88225
28760
6624
91959
30927
70908
56594
95891
91067
76546
86122
52491
54307
67696
92596
46762
38997
42203
27621
66208
86042
65557
78258
60310
40117
48327
19383
87912
82440
7805
86651
23113
25244
31426
35968
31732
17984
50506
8772
24640
97756
28033
1293
97043
58775
77840
17235
1305
41856
79246
75635
13376
90302
94958
1309
40180
6177
21735
4337
67497
66412
20837
19869
99163
51312
73585
43278
14229
28292
31392
70798
12991
67230
26829
99967
21552
83641
82019
19002
24082
69155
50184
6063
70776
84533
64473
40296
46943
95252
85529
87205
37891
4075
23179
11197
86978
95920
77459
87506
33653
13252
64811
68605
51979
94529
91399
15694
58295
57630
62008
91456
8187
35317
67582
60867
72776
23756
58945
34567
63115
36910
72461
91144
15250
3408
97855
36616
51729
59288
53313
93135
58609
81688
88253
9683
28430
1551
60800
50206
42358
15569
37512
50074
29956
52450
77830
18237
71536
71527
12193
7260
21680
53271
13590
43619
41833
56537
37489
72995
74932
33332
78678
37087
50084
86043
55688
22632
74196
