1278
50314
74482
86046
36343
71449
28100
91851
13621
71498
3456
47799
83961
42703
84551
79916
5364
48401
18138
14504
35027
45076
95189
66899
17193
22021
10730
55566
92012
76214
76674
67824
53593
41989
97172
43828
4866
41494
41771
39647
43436
74769
5800
4331
65864
4319
60555
53679
58965
79239
4681
17814
15518
64713
4407
57824
96348
95775
3262
92721
51981
19504
76025
9888
97067
9197
53793
49371
64205
65069
53349
19554
55880
770
32321
51415
89734
27903
3125
84174
795
47036
85708
22986
75511
28322
64104
19419
29495
65521
34538
57948
8543
82741
25456
87864
56629
97159
92393
86938
88154
1641
18475
55033
66933
88829
78665
67044
72793
48964
90003
55944
24618
30937
64897
57470
19177
96814
8983
76882
89614
915
34494
41382
5167
47013
74853
12579
98654
96745
36651
75179
7406
49814
24152
78778
9414
45695
53687
79544
57440
63897
9004
3424
97119
60389
57097
11916
76582
12087
2062
78219
58650
72895
54651
82694
49595
87071
84716
14591
27919
2931
88436
93909
68385
7188
29089
44779
89697
45438
58746
99603
90536
58632
66812
12251
50495
28793
98462
99820
47330
8669
80094
83357
10520
50107
57289
17128
4277
34081
1145
16070
90577
52804
90798
68652
56066
71392
97989
44767
62706
81352
38232
19331
38762
64551
87264
4633
85996
77694
56910
11370
88333
3448
54825
15446
21578
81419
52311
70009
27091
63908
87704
31300
81962
14112
2496
62994
1271
22044
2876
55136
95716
87217
1289
12838
1291
84095
12006
77567
74784
30681
70684
1324
4095
8499
97276
52709
15318
80815
41313
89037
15502
47703
56481
30388
96479
50802
71477
40412
95476
28650
91728
60019
76123
39443
8584
65304
25037
59647
75695
85120
35673
77916
82936
57769
82260
73781
68135
82758
97503
42363
49279
37556
63101
92536
1509
86138
72188
38216
23554
65633
26841
67981
62328
99292
15572
50792
88099
79621
18769
75568
56485
5433
47393
14341
53943
95557
39824
35499
67159
12219
68245
46846
42546
47952
12348
36203
59611
28085
78204
7415
71964
21306
39804
13015
26918
32075
49086
38622
40726
91126
55736
73023
15943
18991
80538
56033
2792
54532
68555
94048
71512
77298
10050
11532
13048
67309
29545
13366
68129
95229
86685
76833
18853
61067
79741
51978
35078
35225
9088
35736
35491
76871
4001
73660
95280
15284
71318
71203
84188
72468
23784
53578
71518
52198
27236
48457
57342
1872
39317
54518
51485
58743
68707
37864
41394
79514
66072
73788
6352
54392
99215
11885
66741
87499
85551
71899
94611
75986
26133
20086
45607
10717
77657
52315
3230
60816
76300
63646
6532
84066
10838
94828
77142
5648
78300
12282
23948
78777
16227
48918
17085
80526
59595
89983
28623
43355
92740
87261
50625
68238
11455
75063
70610
4132
41044
18298
65072
28415
50260
69575
27350
50099
26158
25351
91459
25869
2230
8752
11232
58005
88282
7637
60511
24135
17765
48856
58454
50132
45562
52296
79044
89918
98912
74770
37051
58566
3425
41413
84436
4668
75434
65186
54361
89003
41624
30685
79655
69460
89966
64816
76788
31097
80193
85744
53286
24395
20041
35124
17500
49364
29204
71515
77347
95327
40127
95028
85498
94477
28311
88218
39764
8388
3535
44815
20185
70094
94953
59146
79532
15514
3880
43270
53529
69087
34911
71022
70657
85524
53166
49926
18115
89835
76342
87848
97138
33450
3655
19240
87805
88692
97303
9865
12904
2919
58059
19921
8110
36390
64979
8702
17050
27257
52453
9144
17957
46366
15645
99318
18412
96457
91435
7326
43185
21466
78443
14258
85398
82764
19349
24585
59034
30552
41110
80830
49466
36574
36142
31434
47961
67539
99997
43731
91325
71117
58223
35535
52107
95735
66815
49005
88413
18650
55821
66220
91941
60060
4072
49201
3806
87571
39095
29279
59576
16391
43384
71821
55234
71603
55110
26073
75342
99566
18552
18992
87998
80298
83516
20478
75069
89567
3555
67407
37469
25745
76097
54535
68574
62470
6633
89491
5963
8566
27947
46526
68356
92911
85706
7307
88724
94495
72969
83149
26613
28545
48409
40664
89257
53547
51084
64747
46090
25195
43319
14513
99669
7063
12234
8940
4049
28050
42159
99372
37435
87752
4502
21434
13808
36844
27943
33881
18163
54090
39678
66069
95804
66349
11832
28442
4226
27808
94834
55317
63419
76897
36050
36776
44193
10940
95561
90509
20574
5607
85506
39822
57437
24938
73147
66982
68609
47616
92711
89268
52517
93905
4523
23499
15151
57321
25876
5000
76768
28476
56668
71903
21981
17821
24202
12385
75202
23078
23114
56104
8426
92906
5740
47925
92717
88170
95428
20505
45660
59553
64574
4863
83261
85663
96396
59364
54529
53516
12117
65806
75412
81017
6443
95328
83732
91426
56641
5171
16230
20639
34082
94607
52964
9373
89058
23020
93253
96182
32715
70548
87208
16996
59446
6250
97246
64884
93734
50176
91688
64588
62586
20643
83989
16881
66004
32787
93743
83853
13981
17864
90763
38778
88153
92744
33965
9949
87088
92230
57206
75308
49516
60207
69119
75693
29002
49457
27539
29933
23302
64055
17980
45256
51201
19250
89365
84570
39321
19841
36184
80777
47051
80299
33675
20066
22682
7750
87257
54777
67420
94066
38301
26394
74036
6964
54017
69912
97059
25959
95816
77006
65468
58751
73769
18453
91192
44689
89086
34251
99542
23830
31435
78714
99385
33713
46313
26062
91168
9778
99427
18396
33982
39939
37434
92046
20509
15232
76035
83416
26123
15778
44919
34652
49415
15583
60612
41356
27646
53046
98321
9291
26399
66126
95043
98369
43310
19036
65526
33896
39931
88123
27024
10171
35603
24459
57904
92594
47749
12068
18863
21976
54997
87969
78687
74299
80271
52857
35125
20160
77898
61436
57074
61765
35749
69138
52514
52715
67919
58130
74921
65672
22683
58002
46250
60712
58656
64493
87950
59430
81547
9996
34920
16846
8500
47797
35551
26824
49217
27444
41755
59045
51745
45305
780
88315
51936
50207
90085
22199
39442
18955
32675
81264
69901
25728
73093
65469
46769
48853
84
69164
17053
64044
39052
92391
12615
2158
88140
109
16920
7938
16263
11125
38310
33806
4389
13699
76159
51519
15339
14564
34838
63617
17175
37576
99123
28833
97066
85639
76853
64426
91472
1199
46982
88731
36410
98317
57541
15240
982
79161
50654
171
57102
45961
6677
23488
53421
5230
53310
31699
51324
96692
45569
39669
99789
90045
