47072
44342
37752
51074
70232
30428
40496
13099
23168
43482
43519
48324
17330
64179
96899
44931
75293
35740
28878
22079
23437
45384
73224
74216
16977
48376
14996
69475
86245
41740
96973
69996
13446
53049
59166
69903
28688
96250
7656
3364
73839
87706
59465
93843
37964
89729
65453
73947
19538
64253
34308
82313
78830
62023
59004
46506
19805
38934
32810
99337
79892
20016
18554
95259
68912
43219
12625
18620
86471
71226
88212
62571
7898
21815
72539
54693
9904
24268
79878
69612
87775
79368
76776
69920
25151
92727
46330
7735
18844
79667
46062
81868
12258
57244
80652
8745
30275
40900
88374
20071
49578
24535
94186
51350
21405
18372
86395
46806
13183
60688
5476
7111
93808
58469
55977
84832
86183
47481
40001
24840
89070
25215
91254
7969
26793
98246
31380
84721
1055
57391
52186
70805
68925
35819
84907
49585
11181
52313
13771
19304
22753
80898
43391
62493
5709
86100
99509
80265
48220
3116
64719
18931
54078
93520
82059
72760
53817
44075
52750
48263
40197
2440
7727
9428
73359
41020
56318
99715
90393
88422
6292
72657
53343
85347
63233
34586
15674
38646
73541
16283
9643
87552
81599
7985
96729
31868
39598
86986
42785
83664
69821
55155
15773
19162
62741
89960
29264
49696
26450
67299
19665
23987
74819
30677
68508
8453
4807
3524
84073
80305
16337
81069
3888
83259
4663
10108
75945
12434
27292
82140
39950
42613
35367
83688
82172
32617
66943
82737
92142
72575
29484
16351
38674
12554
82408
77547
39091
58825
82345
30537
47874
86860
14307
86532
18046
23386
12757
21115
6013
34555
46457
98052
4720
71618
50743
6223
73293
37364
76036
67372
73241
58122
66198
26915
89848
52925
65393
47110
43773
40439
25740
95116
62810
81740
16642
80893
56063
82123
94767
43164
61995
1693
2838
28733
90431
52403
78554
78068
51319
47109
16681
33136
53582
82051
6409
48353
44468
19744
24407
26290
40146
2174
84059
59383
25912
58602
34347
70119
48657
46060
54960
83242
82232
37320
38566
24819
9529
13023
63167
85468
84698
65106
2177
56350
80438
65688
89626
86252
30409
45534
42662
31223
21607
44722
91822
24716
44295
2320
3947
59279
15876
46015
65060
88814
69793
67758
76193
7945
84637
27446
91957
69242
72035
64487
52217
26339
12827
72552
14235
93685
37293
35972
35117
38366
37037
70347
80157
40418
86037
32035
14043
45480
47152
9412
19660
10431
18706
21511
55027
53936
63399
22666
37119
55361
57790
31014
67984
58028
90874
10819
2869
58553
41824
94111
93941
17088
86825
83183
95599
16306
99235
18872
56918
37449
15118
30549
93232
47660
3086
55187
11073
31309
59808
69248
30794
41466
9880
99267
25338
14689
26155
72069
8530
49325
67395
31852
13260
47338
48960
24736
14829
84275
34714
48120
80530
7918
24858
28819
23347
18856
84651
90483
92842
36081
63137
89774
14400
31271
99779
6657
65718
76658
18378
16017
25881
71886
4207
9678
22860
4298
54662
50159
75833
81340
60742
53604
60766
73138
4809
65519
81914
72689
80398
16389
34633
95344
40172
71228
34674
37285
47561
31415
52547
29398
23679
18296
15795
11011
57981
16339
14076
98553
54019
24169
91263
83266
40462
81992
32267
39810
8340
43856
33086
10665
93992
76144
44587
78238
88472
88353
51765
47689
22742
81412
97712
19146
87343
97508
76623
41958
45724
52272
45790
49233
53478
23775
18293
12412
33613
17170
33762
83560
72678
33927
39966
47382
67944
30288
50829
19092
88809
8744
57467
74034
89284
77676
86459
25002
90987
751
12917
60
44210
67791
28577
93051
19385
99710
17264
279
88256
57950
76438
26253
33115
56754
27497
98398
70821
47997
45981
30901
32834
20355
24966
93410
96911
51468
99104
23566
87592
42522
58653
22322
59168
71678
13181
65447
18110
151
43141
71906
16253
74992
64618
67022
89897
166
69889
15352
33227
59563
31374
92057
380
31057
51273
89389
22516
16685
54237
87156
97633
19164
10221
11566
23813
46945
29609
17219
66443
713
84975
75497
44581
45962
50327
77224
231
92904
8454
87642
15097
78955
21617
52126
262
75091
4225
81906
83124
91441
40084
51302
71353
96866
15191
73849
66592
17162
99583
84937
18000
47850
84775
16539
16022
80426
82980
28185
30595
66597
23914
76231
23997
81107
67983
59989
62669
50960
63383
81029
27291
91968
17726
36583
20720
28271
15766
95179
27629
72038
69497
69230
38121
11799
68547
63433
64317
9052
80335
393
56784
47205
38160
15995
64517
63580
18484
55226
28376
31196
25337
55120
78980
91541
28479
34981
24257
19319
70407
97237
20460
20258
76301
2652
9127
5223
81762
8275
66767
72064
79162
38753
5863
34177
62530
79861
53041
80467
15989
13122
11972
35139
92132
9732
69508
16220
64417
41719
87263
95812
63078
92934
28739
94133
20961
10986
9036
51535
98627
15445
47554
59556
93081
93155
37146
12886
88783
16260
52440
24878
56154
98206
73763
36723
13728
10214
2914
20246
52196
54448
67081
77041
90646
5938
8393
44810
91667
1340
27737
46348
39158
54430
77737
58514
85844
6419
18275
3317
63631
18451
80565
37083
49251
55559
85622
64490
18945
4636
49887
41055
70258
59593
33688
16668
50291
32184
94468
82992
22236
75600
800
12421
21040
97690
74269
37737
56048
1323
67128
6992
3953
92305
74046
72559
67045
79796
3197
69552
23036
41782
59528
67573
83922
76414
91681
25437
75232
22471
80128
7478
8535
31417
930
37440
2658
90245
40202
75983
39500
20132
41888
59640
22591
63280
55253
68140
5292
12867
20415
15162
70378
12538
10864
78156
62623
46912
64620
73695
64331
45946
82933
84755
58704
1034
1039
34573
81472
13578
40320
80012
54779
71463
20775
39911
1083
9533
18902
63300
96392
46742
23139
87484
52812
10744
90557
77211
54351
74411
38561
37685
81160
24218
95696
98087
39437
63277
29528
90179
38636
41465
82733
56853
26499
77926
58233
35159
5966
12333
58980
40453
86209
34927
87815
78056
32902
6552
14410
1485
14579
94996
9460
40028
43635
80929
68716
49419
47571
27007
39384
1431
11812
24667
10606
61462
21274
48135
1411
90745
99982
87863
4174
77669
20576
30933
12049
73362
43633
11744
55836
1473
18819
85786
43198
67787
49058
79350
55693
2668
6203
13635
92144
77377
65165
88949
14812
85169
58789
50652
99890
7168
50008
38467
63931
4661
56044
3404
37555
98665
74546
68206
48970
19342
63004
17206
90891
68804
34020
65135
