36256
69376
61528
17304
28680
38533
10855
41876
45957
7252
79928
79388
28137
21586
18177
47582
78555
78019
40355
53162
51357
90909
57649
92544
66145
15884
29831
13965
13935
98071
90688
98225
50995
17501
52753
17100
31395
62505
698
25780
8015
15324
81965
18150
26077
32931
36153
57605
55083
6284
4241
77465
98721
46034
58269
54703
83985
12511
93996
14911
86995
12998
34976
21797
66467
91179
59479
39755
45919
36393
24271
9066
92120
66195
22401
26334
53762
89142
90739
11262
10056
25691
59224
17341
18670
87719
244
90562
79781
58976
20774
15799
71943
81354
58975
41038
25272
89277
54816
32751
7092
40748
3737
90568
85986
53009
62716
91157
329
98798
21439
10123
18996
83739
35057
43403
20153
26819
50634
63890
72581
91079
43562
42423
14704
80095
15852
411
88324
90072
12442
48620
86742
97293
21213
62993
64954
81027
1099
29948
31633
17648
475
7697
79788
55952
11803
93075
7146
15621
36591
12330
2000
74259
50685
13312
15592
54298
78769
70424
53658
22182
64223
77875
30872
26771
50926
28796
574
16731
79810
51948
85511
7038
99591
51746
73571
63212
55733
85248
89340
79205
17296
19723
32936
44438
50348
10599
28977
18877
92989
83029
34065
15682
13333
91432
97321
96755
721
98982
84417
95806
24588
76635
87106
73593
32178
23343
3752
78378
9934
99847
64767
80067
2024
47448
1389
93463
2916
21669
22888
84348
12696
30284
81723
13512
36640
31909
59144
80871
69273
785
8648
92930
3805
74933
85887
4683
89391
16506
55764
2598
49807
79429
83475
19642
24852
19272
87820
85013
61937
92326
15272
95896
66151
85464
80828
78339
912
90342
86249
4532
63006
49135
85852
73461
21387
76104
94457
5796
42440
30068
29056
56495
96561
71214
32003
71664
24542
11207
68610
1018
57120
10832
30143
9957
42780
61075
1054
97241
10878
77987
21028
1097
69463
11007
1109
97564
34889
25604
50368
99259
41507
61676
10651
47015
74124
19884
1170
63381
8368
1173
21840
72008
69283
23548
57635
81666
33591
84246
85414
11660
28994
56458
60717
13400
53713
93173
75614
44396
39395
2566
76988
70181
56237
13233
6500
72737
87831
77716
35399
18881
29214
12879
19279
23807
83909
57873
7484
40136
57638
44185
57614
20742
1375
3909
54623
54251
50641
59726
36516
12970
15148
5182
51323
57012
4646
56017
79086
8252
92979
14732
87975
83802
51221
50515
31061
56700
14142
78993
54126
8661
9181
96274
96662
94655
2714
41435
55357
42180
34239
54768
1539
20043
58698
45887
47095
64802
16056
53551
76496
85730
63532
71640
22608
13602
25423
19790
6110
73032
73217
77345
81808
4678
21305
77471
64665
25746
72341
58031
50702
53992
1777
95242
76851
69938
59308
43468
10844
37529
37299
28124
82996
86508
2334
21236
65281
65248
49828
67146
7853
18208
84855
62836
71960
81296
20911
92251
34728
82306
73168
68536
65047
4686
4743
32660
9333
77766
47093
53862
67177
29560
32946
20218
98647
96549
24087
57505
60093
75319
52430
82831
40257
28862
17137
35169
57085
2033
45776
56560
83993
30435
72903
53968
3918
50820
79314
14090
45487
34317
83634
29396
68595
44523
23125
83530
69522
64990
94157
49638
59826
47594
78454
2249
7583
65384
7841
59762
38132
30390
89849
36970
59257
27738
91137
3669
72639
53666
52172
70105
10273
90863
41484
79526
61522
73091
77937
88583
33530
63035
97553
75280
86153
73198
2559
29007
14961
80167
35928
59995
95501
30835
50425
95359
93953
36283
30521
82311
84224
60371
84175
57395
61367
69319
5668
2752
85219
11668
15156
42420
44673
14799
50436
13479
38291
85394
35310
35925
22202
48462
87253
96596
53400
23309
81300
22834
59255
12242
86296
18842
61546
96456
84283
16090
92366
3495
53210
45985
7902
7578
40422
12774
10696
5599
84558
13485
42729
95441
46308
92944
16993
44235
63563
14070
8489
12287
9563
23280
59729
64421
47301
82975
8003
63432
86844
9440
85944
82550
82058
84577
38409
61045
82533
9571
95565
16079
7432
70330
61684
8763
59854
22183
89683
22194
36996
62163
30664
17683
98695
27854
60972
60114
88899
95434
30142
5132
60980
26034
89486
41215
6506
6719
96847
80599
67099
38975
14460
33564
40533
48197
69163
92204
64522
37046
21196
54471
91947
79016
57553
78024
86826
96381
27084
15979
92529
82773
95141
19846
94947
99522
99252
8610
9430
13200
46230
6261
78418
84028
42002
69709
60810
94088
89274
78751
80273
15382
14566
87302
13393
40115
8748
58888
35622
90389
35266
85544
13629
6663
39274
77226
24159
55198
98676
14397
79562
62616
82712
25117
24095
19819
25108
87802
47638
59777
74616
10625
11367
66391
63667
91660
77708
25046
47377
23600
88871
82030
16373
94187
38106
60976
46925
25587
75893
71223
57279
29336
88499
61293
43385
83058
97523
92964
68191
45645
22950
51266
70555
42376
20287
76758
39885
96035
47046
89134
39919
27018
28747
26963
87738
20093
51296
12532
79612
12215
41320
60752
65741
28071
77850
42449
39736
53232
79078
29323
99568
15460
65499
76834
28894
38996
32620
49909
21999
19703
68725
37917
49111
48624
2128
28391
18023
21646
10652
78381
87198
18616
65749
77610
15847
60684
67544
20446
40352
32613
22872
75021
27727
7238
66058
51531
68953
73345
36786
86700
4679
12187
36416
94864
31950
23706
49
76693
58884
15647
80851
69110
81284
92102
92287
69810
89639
55412
77466
89017
45739
23055
53808
5014
55587
7049
39469
93200
20846
77
23834
76990
68132
86663
16839
60615
47908
54290
87454
97647
6010
35735
97826
78876
25763
5799
39865
33048
54784
37539
33396
46294
18400
93945
64463
86478
25694
63333
82102
52756
47662
79703
21800
25663
76743
40419
85978
9901
57163
80342
42686
98601
77371
54441
24481
51912
38613
45661
95822
59191
73619
42656
51013
96011
70416
97299
80185
18086
186
17228
70637
83908
192
37223
90988
32358
98907
28622
4163
52460
20973
71473
57657
65374
3088
215
71346
9047
7566
61416
221
88491
80889
14106
64450
21440
29152
35029
2996
45539
98238
16248
48493
57336
98425
5073
24536
32555
56988
6975
34972
39803
251
2569
66333
71709
26457
94893
76428
29221
86115
45846
34731
99816
69068
5308
76291
92169
270
61237
55827
93440
57969
57413
277
49336
19677
38498
86761
59950
18845
51056
35719
48008
293
2898
57372
77456
54750
71983
51574
24171
49563
58020
99639
9258
