65536
65537
32774
32776
9
65545
65547
98318
98322
32787
65556
23
32791
98331
32795
32796
30
31
32797
33
98337
98341
65576
65581
65584
98352
65588
98357
65590
57
65594
59
32826
65597
61
32831
65601
32834
98374
71
72
32840
98379
98380
32846
65615
98384
80
86
98392
32858
65628
98399
98400
32869
32870
65639
65640
65641
110
65646
32883
32884
65653
118
32885
32888
32889
32890
65652
124
98423
32896
98435
65671
32908
98445
142
140
65681
32915
149
32917
150
65688
65691
157
158
160
98465
32930
32936
98475
98481
179
98484
98485
65720
98489
186
65723
98500
197
65734
199
200
65736
98506
65740
65741
207
32975
98511
211
65752
218
221
32990
65760
98528
228
98535
232
65768
33003
237
238
33006
33008
241
33010
250
65787
253
33022
98565
98566
98573
65806
276
65813
98580
33047
65817
65818
33055
65824
65829
33063
98607
98609
33074
65843
98611
309
33077
311
65846
33079
312
65851
65852
33085
65854
98623
98622
65858
65859
33092
65870
33106
33107
340
33109
65877
338
339
65874
347
98651
98653
65883
353
65889
98660
65894
358
65898
65900
33132
65901
65906
371
370
98679
33147
65916
385
33154
65922
33156
65925
33162
394
65933
398
98709
33174
33175
33182
65952
65953
33185
419
33189
422
423
33195
429
98734
430
98735
434
65973
98743
98746
98747
444
33211
33214
443
65981
33216
33221
457
65993
459
461
98767
98768
98772
98773
470
33239
472
98776
474
66010
66012
66007
66014
479
66015
478
33251
66019
98787
33254
33255
66024
483
98798
507
98811
515
33284
98823
33291
98828
525
527
98833
531
33301
66072
536
66074
66077
98847
33313
33314
549
98853
33317
98857
66090
66091
66092
66098
66107
98876
66108
33343
98886
33352
98891
98899
33368
602
603
98909
98910
98911
98912
611
98916
66148
66150
33380
33383
66153
66154
33386
66156
98927
624
33392
33394
33393
66160
632
98937
98940
639
642
66179
33412
66181
33413
33415
648
643
646
98955
98957
66191
33424
656
98963
98964
98966
33432
98969
672
66209
33446
33447
66217
33451
98988
685
690
66228
33461
98998
696
698
702
33473
66246
99015
33479
33481
715
717
99022
719
99024
66262
66263
99030
729
99033
99036
66268
33501
99042
66277
99046
33511
99047
33513
99045
66280
748
99055
33520
33519
99061
99062
99064
66297
762
33530
33532
66301
766
33537
66307
772
33541
99081
66314
66316
99085
33552
99089
33559
66328
33563
99105
808
99113
33578
811
66348
66349
99117
813
816
66357
822
66359
66362
33595
66364
33600
66369
33602
33606
843
99148
66383
33617
33618
99154
66388
33621
855
860
33629
66398
66400
66401
33634
99171
33636
66403
33633
99174
33637
66409
33641
874
66412
876
881
33652
887
99196
99201
66434
99203
33670
902
33679
33683
99223
66457
99227
33693
925
66464
99233
99234
66467
930
99236
99239
66474
99243
941
33712
945
948
66485
33718
33719
950
953
99259
99260
33725
99263
66495
33729
66499
66500
99275
99276
66508
66510
977
980
66516
983
66522
66526
66531
99300
99302
66547
66548
1012
99319
66552
1015
1019
66560
66563
99332
1029
99331
33800
33801
33803
1037
33806
33805
66576
99346
1042
33812
33814
66583
99351
33817
99357
99361
33826
99366
1063
99371
99372
66605
33838
99378
33845
99382
33847
66616
1081
66618
66614
33852
99389
33851
1088
99394
66628
33863
66633
1099
99404
1101
33871
1104
66640
1103
66643
66644
1111
1112
99420
33889
99426
1123
66663
1128
99432
33896
33898
66667
1131
33904
66674
1138
99445
66679
66682
33917
33920
1159
99466
66699
1164
33931
1166
99470
33936
99468
66706
66698
99476
66705
99479
66711
99481
99483
99486
33955
66724
1189
33958
99495
33960
99498
33962
33963
33965
99502
33970
1206
33977
99516
66751
1218
66755
33987
1224
33993
33994
33995
99533
1231
34000
99537
66767
99536
1238
1242
99548
34012
34015
34016
99554
1255
34025
66796
99565
34028
99567
1260
34033
34034
34035
1268
1272
99577
99578
66811
99579
99576
99582
66815
66819
1285
34055
1288
66830
34065
1299
34068
66836
1304
1306
99613
1312
34082
99620
34086
1321
99626
1325
66861
1327
34096
66865
99635
66868
66869
34100
34104
34107
66876
99645
99647
34112
66883
66884
99653
66886
66889
1354
99660
34130
1363
99666
34131
66902
99671
1371
66908
34143
1377
99683
34148
1382
66918
34151
66921
66923
1388
66928
66929
1397
1398
34172
34173
99711
1411
1412
34183
1415
1423
1424
34194
34198
99736
99738
1435
99740
66972
66974
66976
34209
1447
99754
34224
66993
99762
67013
1479
99784
67017
1482
99785
67020
99789
67023
99794
1501
34272
67043
67045
1513
99819
34284
1517
1516
99823
99824
99825
1521
34291
67060
99828
99831
34299
67068
34304
1536
99842
67075
99844
34310
1543
34315
1550
34319
67090
1556
34325
67094
34327
1559
1561
67096
99867
67100
34338
99874
99876
34341
99877
99879
1578
99883
1581
67119
34357
67129
99898
67130
34364
99905
1601
1606
67143
99913
67147
1612
67149
1613
34382
34384
67154
1619
67155
1622
99928
1630
1631
1632
34398
1634
67171
34404
67173
67174
34407
99939
1641
1643
1644
67182
34418
1654
67193
34429
67201
34438
99982
67215
99987
99992
67224
1690
34462
34466
1698
67237
1705
1718
34486
34488
1722
34491
1725
34494
1727
34497
1730
1732
34503
34504
1736
1743
67286
34520
67297
34534
67308
34542
34546
67314
67317
34553
34554
67325
67326
34563
67336
67341
34575
34578
1825
34595
67364
1829
67363
1827
1833
1836
67373
1840
34620
67389
67392
34625
34626
34629
67399
67401
1866
1868
1873
67417
34662
1897
67434
1904
67440
1906
1908
34679
1917
34686
67456
34688
67462
67465
1930
34702
67473
1939
67476
1942
67479
67480
1944
34715
34724
1966
67509
1973
1977
67518
1985
67524
1989
67525
34758
1993
67533
2003
34772
67539
34775
2011
67549
67550
2015
67553
67554
67555
2020
2029
67566
2032
34802
34807
34808
34811
67581
67582
67583
34817
67586
2051
67588
2056
2060
34829
67598
2064
34839
34840
34841
67610
34843
34844
34850
2085
34855
67635
2103
2107
34879
67654
2119
67659
2124
34892
67669
34903
2138
34908
67676
2142
67685
34919
67692
34925
67693
67698
67701
67702
34935
67703
34933
67707
2172
67711
34943
2177
2178
67714
67719
2187
67723
34960
34961
67732
34965
67739
67741
2206
34975
67747
2213
67752
67755
2220
34989
67763
2229
34998
34999
2235
35007
67776
2242
67779
35013
2246
35016
35018
2250
2254
35023
2256
35026
67797
2265
35043
2275
2281
67818
67821
2289
67826
67828
2294
67830
35065
67838
35072
67847
67852
35086
35087
67862
2327
67872
35108
2341
35112
2345
35115
2349
35119
2352
35125
67895
35128
2363
35135
2368
67906
35139
2371
2370
35145
67913
35148
2380
2383
67923
67924
35158
35160
2394
67932
35166
35168
67937
67938
67941
2407
67946
67947
2416
2428
2430
2434
35204
35206
2438
35210
35211
35213
67984
2449
67986
2451
2452
67993
67994
35228
67998
2469
35238
2471
68009
2477
2478
35248
35250
68018
35257
68026
2490
68027
68028
35263
2497
35267
2500
68036
35270
2505
2506
68043
68042
35283
68053
35286
35291
35292
35294
2534
2538
35307
35314
35315
35316
68084
2553
2556
68100
2566
35339
35341
2573
68113
68114
2578
2587
35357
35358
35360
68129
68130
2595
68131
2597
35362
68135
2601
68137
68142
35379
35381
68154
2620
35388
2628
68165
68164
35399
68167
35401
2634
2632
68169
2637
68171
35409
2642
68180
2651
35420
68189
35423
68192
2658
68194
68199
68201
35437
2670
68210
68212
35447
68215
2684
35453
35457
2691
2693
35461
35468
35471
2705
2706
68245
35480
35481
35482
68251
2715
68253
2716
2723
2728
35496
35499
68270
35505
68280
68281
35512
68285
35523
35525
2757
68300
68305
2771
35543
2778
68318
2785
2786
35555
35559
2794
2797
68334
35569
35572
2804
68342
2816
2818
2819
35587
68361
2826
2827
2833
2834
2835
68374
35611
2847
2849
35618
2855
68392
2858
68395
35630
2863
35632
68400
2866
2869
35638
68406
35640
35641
68411
68414
68421
68427
2895
68438
2903
2907
68445
68446
2912
2913
2914
35683
2921
35692
2925
35693
68461
68460
68464
35698
68467
35700
68468
2928
2939
68479
2948
68490
2957
2964
68502
35736
35743
2980
68518
2986
68522
35757
68526
2991
2997
68535
35771
68542
3009
35777
35779
68548
68549
35783
35787
68557
68558
68562
35795
3027
3031
68572
3037
68574
3039
68576
68577
68578
3040
35812
3047
3051
68587
68588
35822
35823
68596
68597
3063
68601
3072
3074
35844
3077
3078
68615
3081
68617
68625
3097
68634
35867
68636
35872
68643
68649
35882
3114
3116
35885
3127
35897
68668
3133
68673
35906
35907
35908
68681
35918
35920
68690
35923
35925
35926
35928
3161
3164
3165
35934
68703
68704
3172
35942
68711
3185
35958
3191
68729
3196
3199
35967
68736
68738
3203
68746
68748
35981
68756
35989
3223
68762
3230
35999
3231
3233
36002
68773
36005
36007
3240
68779
36012
36013
68782
36020
3255
68794
68799
3264
3267
3268
68808
68810
68819
68821
36056
68826
36065
36066
36068
68838
36072
36074
36076
68845
36078
68847
3321
36089
68859
68860
3328
68868
3335
68872
3338
68876
3342
36111
3344
68881
3348
3349
36127
3360
3359
36131
68901
3365
36133
36135
68909
3373
68911
36147
36149
68919
36152
36153
3398
36168
3402
36172
3404
68942
68945
68957
3421
36191
68968
3437
36206
68980
68982
68983
36215
68984
36226
3459
3458
68997
36229
69010
36247
69020
69021
3488
3493
3494
69030
36265
3499
36270
69043
36276
36278
36280
69052
36287
3520
3521
36290
3526
36295
3528
36296
69063
36297
3533
69069
36303
69073
36312
3545
69080
3544
69081
36317
3549
69087
36314
3553
3552
36330
36331
69098
69101
69100
3567
69106
3572
3573
69109
69112
36350
36351
3583
69123
69124
69125
36363
69132
3597
3600
36369
36370
69138
3602
36374
36375
3608
3610
36378
69149
69150
69153
36388
3620
69157
36389
3623
3626
36395
69165
36402
3635
69172
3637
3639
3641
69180
36414
36415
36416
69185
69187
3652
69188
69190
3655
3657
3659
3661
3666
69204
3669
3671
3673
69209
36441
3676
36446
3678
69218
3682
69220
3683
36454
69219
3688
36459
3692
3697
3698
69239
36475
36477
3711
69251
3715
69253
69255
69256
69257
36491
3724
3725
36493
3723
69268
36504
69273
36505
36507
69276
3737
36514
36515
36516
36517
36518
69286
36521
3756
69297
69300
36534
3771
69309
69315
36559
69328
3798
69337
3801
3802
69339
3806
3807
36575
36577
36578
69347
36582
3818
69354
69361
3827
69364
36595
69366
69368
3837
69380
69381
69382
69384
3850
3851
36619
36623
3855
36626
3861
3862
69399
36632
36636
69408
69409
36643
3876
3880
3881
69418
69419
36653
3888
36658
36659
3896
3898
3899
69436
3901
3904
69441
69442
36674
36681
69450
36683
3915
3914
36684
36697
36699
69473
3937
36709
3942
36710
36711
3943
3946
3947
69484
3949
3954
69491
69492
69495
36728
3967
3970
3971
69509
69510
69514
3981
3982
3983
3984
69521
36756
69525
3992
69529
3994
3996
4002
4009
4012
36783
4023
4024
69560
69563
36797
69568
36803
36804
69571
4038
69572
36805
36811
4043
36815
69583
4049
4056
69593
4061
69599
4064
69606
36840
69610
4075
4081
69619
4084
69620
36852
36855
36857
69631
4098
69637
69639
36877
69648
4112
4115
69657
36889
69659
69660
36890
4126
4134
69672
4148
36923
69692
69693
4161
4162
69697
36929
69705
4171
69707
36941
4177
36948
4182
69720
36953
69722
4189
69726
36957
4201
4206
4211
36980
4218
69761
4226
36993
4236
37004
37007
4246
4253
4254
4255
37025
37027
37028
69798
69799
69804
4269
4270
69807
69809
37046
37048
69816
4287
4288
4291
37060
69828
37066
37067
4304
69842
37074
4308
37077
4307
4312
37082
69851
37084
4321
4326
69863
4333
69871
37105
4341
69877
37112
4345
69883
4347
4353
69891
37126
4360
69898
69908
37145
4380
37151
69924
69926
69927
37161
37162
69930
4395
4396
4398
69938
69941
4406
37174
37177
69945
4411
69948
4417
69956
69961
37194
37198
69969
69973
4439
4444
4451
69993
4458
4460
4461
37230
69999
37235
70005
4469
4470
4472
37245
37247
4480
70018
37251
4484
4487
70025
4493
70031
4495
4498
70035
37270
37271
4509
37281
4515
37284
70053
37289
70058
4521
4525
70069
37302
70073
70075
37310
4549
37318
37326
70103
4568
37338
37340
70114
37349
4581
70120
37356
37358
4598
4601
4606
70146
4611
70149
70161
4629
4630
70169
70170
37403
70174
37409
70178
70179
4644
4646
4648
37419
4652
70189
37423
70193
4658
37426
37428
4662
70199
70198
70201
4667
37437
4669
37438
4673
4674
37441
37445
70213
70215
4683
37451
37453
37458
70233
4703
70239
70241
37474
4708
4709
70244
4711
70246
4718
4720
37488
37490
4726
37495
4735
70276
4741
37513
4746
70286
4753
70299
4764
37533
37532
70304
4769
37538
4774
70318
70322
4790
37560
4796
70333
4798
70335
4801
70343
70346
70348
4818
70354
70357
37590
4824
4826
4829
4832
70372
4839
4843
70379
37616
70385
37619
37621
37624
4857
70395
37629
4863
70401
4867
37636
37638
70408
37645
70415
4879
4881
4880
37659
4892
37662
70431
70430
70436
70437
4905
70442
37674
4906
4910
70448
70450
4914
37689
4924
70462
4927
4928
70467
37703
4938
4947
70485
4950
37717
37724
4957
37728
37732
4965
4969
70507
37740
70509
4971
70515
70516
70518
70521
4986
70524
70534
5002
5004
70540
37775
70544
5012
70556
70558
37795
70567
70579
70581
37820
70591
5056
70593
5064
70604
70607
5072
5073
70610
37846
70620
37857
70631
70632
5097
5100
70642
5107
37877
37879
37885
37887
5125
5129
37898
37899
5138
37906
70677
70680
70686
37919
37920
37929
5161
5166
70703
5171
70707
5175
70712
5178
37949
5183
37952
37955
5188
37956
5190
37959
70728
5193
70730
37963
37966
70736
37970
70738
70741
70748
37982
37984
70753
37987
37988
70755
37991
37993
5226
37996
38005
38006
5239
5240
5245
70793
5257
38027
70796
38033
70804
38041
70815
70816
38048
38049
38054
70830
5295
38063
5306
38075
5308
70842
5314
38083
70852
5317
70857
70859
38092
5325
5329
70868
5335
38103
70873
38109
38114
38116
38118
5350
38123
5357
38126
38127
70895
5359
5360
38129
38132
70900
70903
5370
70906
70907
70909
38144
38146
5380
38149
70917
5382
38153
38155
70929
38165
38166
5400
5401
38170
38168
70942
70948
70952
38184
5419
5420
70959
5423
70963
70964
38199
5431
5433
70973
38206
70975
5437
70984
70987
70988
38221
38222
70990
38226
70994
5461
38241
71010
38242
38246
71020
5486
71023
5488
5489
5494
71032
38265
71033
71034
71037
38271
38272
5505
5507
5508
38278
38283
5518
5519
71054
38287
71060
71061
5530
5531
38305
38306
5544
71085
71087
71092
71094
5562
38337
5572
5579
38348
38355
5589
71130
5594
5596
38368
71140
5605
5606
5608
71147
5611
5615
38391
71160
5625
71162
71164
5631
38399
71170
38406
5640
38411
71180
71184
38417
71189
5654
5656
5657
71194
5659
38428
38429
38424
5663
5661
5667
38438
71208
38442
38444
71212
5679
71220
71221
38455
38457
38458
38460
5693
38461
38463
5699
38468
38469
71240
5709
71247
71255
5724
71269
71271
5738
5739
38509
71279
38515
71284
71287
38520
5754
5756
71293
5760
71302
38535
71303
38538
71310
5776
71313
71314
38555
71323
71326
71327
5792
38563
71332
71333
71334
71335
38566
5801
71340
38573
71342
5808
71345
71348
71349
38585
38590
71361
5828
38599
5838
5840
71385
5851
38619
38622
5858
71395
71396
71397
38630
5871
71408
38641
38642
71414
71424
71425
5890
71427
5891
5895
5897
5901
71438
5902
5908
71444
5913
5916
71453
38692
71461
71463
5928
5929
71467
71468
5932
38702
71471
38703
71478
38714
71483
38715
5949
38717
38719
71488
5955
38725
71493
38728
71498
71500
38735
38736
38738
71511
71518
71520
5987
5989
38758
38762
5995
5996
5999
71535
38774
6009
38779
38781
38785
71553
6017
71560
6028
38798
71569
38802
38804
38806
38808
71577
6049
71585
71586
6053
38824
6057
71595
6060
6062
71601
38834
6071
38839
71607
38842
71608
38847
71616
38848
38851
38852
38856
38857
71624
38860
71639
6105
38874
38875
38876
6107
71647
38885
6121
6124
6127
38897
6131
71672
38905
6141
38911
38912
6145
6146
6148
38920
6152
71694
71695
71696
71698
6164
71700
6165
6167
71706
71708
71712
71714
6186
71726
71728
71730
71740
6209
38980
6213
38983
71754
6218
71762
71772
71778
71780
39013
6246
71793
39029
71799
6264
39043
71813
6278
71820
71826
39060
39061
39063
6295
6296
71836
39071
71840
39074
39076
39082
6317
71853
6325
6326
6328
71864
71869
71871
6336
39105
71878
6345
71882
71883
6347
6351
71890
6363
39132
71901
6364
39138
71907
71908
39142
71913
39149
71919
39153
39157
39160
71928
39162
71932
6399
71939
39173
6408
6410
39180
6412
39184
39185
6419
71956
39197
71967
71968
71969
39202
71971
71977
71980
39213
39218
39220
71988
6453
71993
71996
39229
6469
6470
72005
39240
39241
39243
72011
39244
72013
72016
6484
72020
6489
6493
39261
39264
6497
6499
39269
72041
6506
39275
72047
6519
72056
6523
39291
72062
6531
6532
6534
39303
39304
39306
72074
6540
6544
72080
72085
6555
72091
6557
39327
72097
72103
72105
6571
39341
6574
39345
72117
72118
72119
39353
39354
72125
72129
39363
6598
39367
39369
6603
72140
6605
39374
6610
39380
6613
72149
6619
39393
39395
6628
39397
72168
6633
72169
72170
6636
72171
39410
39412
39414
72186
72188
72191
72192
6655
39426
39431
6664
72201
6668
6669
39437
39439
6675
72216
6681
72224
39456
72226
72227
39460
72228
39464
72235
6699
39473
39474
72243
72242
72247
6711
39481
6715
72255
39487
6720
72263
6728
6729
6730
39499
39502
72276
6741
39511
6749
72286
39520
6765
72307
72308
72309
72311
39543
72313
72315
39548
6783
6789
6794
6796
6801
39571
72340
39574
39577
6823
72360
6824
72361
6833
39606
6839
39612
6848
39623
6856
72393
6858
72398
6868
39637
39638
6870
6872
39641
72412
72420
39658
6891
6892
72431
39665
39666
39671
39676
6911
39679
6916
39685
6919
39689
72464
39697
39696
72467
6936
72476
6940
39713
6955
72491
39728
6967
72509
72510
72512
39744
6979
72519
39753
39755
72524
6988
72526
39758
6987
39763
6999
39767
39771
7005
39775
7008
72551
7021
7022
7024
72563
7029
39800
7033
39802
72578
7046
39817
39819
39820
7054
39823
72598
72604
7070
7076
39845
72620
7088
39861
7096
39865
72633
39864
39868
7100
39875
39877
72649
72655
39888
7122
7128
72666
39898
39900
7136
39905
72674
7156
39927
39931
39940
39946
7181
39950
72717
7187
39959
72730
72732
39965
72734
39966
39977
7209
39978
72752
39991
39995
39996
72764
7230
7235
7237
7241
7244
72780
40017
7249
40021
7253
7261
72799
72802
7267
40039
40041
72811
72813
7278
40051
40056
72824
40058
40062
40065
40068
7301
72842
7307
40081
40083
40084
7316
72856
72859
40097
40101
72870
72873
40110
40116
72887
72890
7356
40124
40130
40138
72907
72916
40158
7392
7396
40166
72935
72934
7399
72938
7404
7412
40182
7419
72959
72963
7427
7434
99172
40210
7442
7444
72980
7447
72989
72992
72997
7465
7471
73008
7484
73022
7490
7491
40259
7494
40264
40268
73036
7507
40278
40281
73049
7521
40290
40291
73062
7527
73067
40300
7534
40303
7540
40311
7544
73083
7548
40319
73087
73092
73101
40333
7566
73104
40337
40339
40341
7576
40346
7578
7580
7583
40351
40354
7587
73131
7602
40372
73140
7608
7609
40380
73148
40388
73156
73159
73161
73163
73165
7630
40406
73176
7644
73184
40420
7652
40424
40426
7660
40432
40433
40436
40439
73207
7673
40442
7676
40446
73215
40449
7682
73219
7687
73232
7697
73236
7701
73238
7703
40469
7705
40473
7707
7708
40477
73239
7710
7713
73252
7717
7719
7727
7732
40503
40505
73279
7744
7747
73284
7749
7763
40531
73301
73303
73304
40537
73307
40541
73310
7777
7778
73317
73318
73325
40561
73331
73336
7801
40573
73342
40575
7805
40580
73349
7812
7819
40589
73359
7827
40596
73364
40601
73370
73371
40604
73375
40611
40612
73380
73381
7846
7848
73385
7850
40613
40619
73391
7856
73394
40626
73396
40628
73398
7863
40634
7874
40647
7882
40651
40652
7885
7893
40663
73434
40671
7904
73441
73439
7907
40678
40679
7914
73453
40688
73457
7922
7924
73461
7927
73467
40701
7939
73478
40710
73484
7950
7951
7952
73487
73494
7964
7967
73505
40738
73509
40742
7975
40743
7977
7982
7983
40756
7988
40759
73533
7998
8000
73537
8002
40771
8004
40768
8006
8010
73547
8012
40781
8013
8015
73549
40785
40790
40796
8029
8030
8032
73571
40806
73578
8043
40815
73584
40821
8053
40827
73596
73600
73601
8075
40846
40851
73620
8085
40854
40857
73626
8094
40863
40868
40870
40873
40874
40875
8108
8110
73649
8116
73653
73652
8119
40889
40893
73661
40895
40896
73664
8126
40901
40902
8135
40904
8134
73675
40909
40917
8150
8151
73687
8153
40925
8158
8160
8162
8163
40931
40934
8168
73711
8177
40946
73719
40952
8184
40953
73723
8187
40957
40964
40965
73742
40982
8227
40996
8229
73763
73764
8233
73772
73776
41009
41010
8246
8247
41016
8252
8254
41023
8255
41022
41024
8263
8265
41035
41036
8269
8271
41042
73812
8279
8281
41061
41062
8294
8296
41066
73836
8301
8300
73838
8305
73844
41080
73848
8317
41090
8326
73864
73877
41110
8345
41115
41123
41128
73899
41131
41134
73904
8369
73906
8373
41141
8374
73912
8378
73914
41147
73919
73921
73922
73924
41157
8392
73929
73930
73932
73933
73934
8396
73937
8406
41175
73946
41180
8413
73952
73955
8422
41190
8426
73963
73964
41195
73966
8430
8433
73971
73972
41205
8437
41204
8442
73978
73983
41216
8448
73988
41220
41224
73997
41231
41232
8469
41241
8474
41250
8486
74028
8495
41267
41271
8503
74041
74047
41280
8511
8516
8518
8519
8520
41289
41286
41292
41297
41300
8532
8536
8537
41306
74079
41312
74081
41311
74086
8551
41324
74095
41328
8561
74100
41336
8577
74115
8583
8588
8595
8597
41366
8601
74154
41391
41393
74162
8629
74167
41402
41404
41405
8637
8641
41409
41411
74182
8647
41416
34283
74187
74188
8653
74190
41423
74192
8657
8658
41427
41428
41431
74199
74201
8665
74205
41441
8674
41444
8681
74218
8687
8688
41457
41458
74231
41464
8697
41465
74238
41472
8708
8710
41478
74250
41482
41484
8718
41486
41488
41494
8727
8730
8732
41501
8745
74282
41515
74284
74289
74290
41523
8759
8760
41528
8765
8771
8781
41555
41559
74329
41568
8805
41577
8811
74348
41581
74350
8817
74358
74359
74360
8825
41595
8827
41597
8835
41604
41606
8841
8842
74379
74378
74384
41617
8851
41630
74401
41638
41641
74410
8875
41645
8879
74417
8886
8890
41662
8902
74444
8910
74446
41685
8921
8924
8925
41693
74461
74467
74468
8942
74479
41712
8945
41714
41715
8949
74485
41723
74492
74493
74497
41732
74501
41733
8967
74506
41741
74511
74516
41749
74517
8985
41756
8991
74528
41761
8995
74533
9005
74546
9012
9014
41787
9020
74555
9025
74567
74568
41799
74571
41803
9039
74576
9043
41819
9052
9054
9055
74594
74596
41831
9064
74601
74606
9073
41843
74613
9078
74615
41849
41850
74620
41859
41860
41862
74630
41867
74645
9111
74647
74649
41887
74655
41890
74660
74669
74672
9141
9142
9143
74680
41914
41916
9149
74689
9156
74696
74697
41932
9171
74710
9175
74712
41946
74714
41950
74720
41957
9189
9197
74737
9204
41973
41975
74745
74747
9216
9218
41988
9221
9224
41994
9227
74765
42001
9234
42006
9242
74782
9247
9248
74787
74788
74789
74790
9254
9253
42030
74801
9269
9270
42038
9275
74812
74813
42045
42051
74820
9288
74828
74830
9295
42066
42069
42071
42078
74855
9327
9328
9331
74868
42101
9334
74872
42106
42110
9351
42122
74894
74896
74897
9361
42130
9364
74901
42136
9370
9374
9378
74914
9382
42154
42162
42169
9402
42172
9407
74946
9410
42182
42184
9420
74959
74960
9428
9429
74967
42200
9433
9434
42205
9437
9441
42210
9443
9444
42215
42217
9450
74995
9469
42239
75013
9480
42249
42250
75020
75021
9486
9491
75028
9493
9494
42263
42265
75033
75035
75036
9501
9498
42274
9507
9508
75048
42283
9524
42311
75079
9545
42321
75095
75101
75102
9567
75107
75108
9573
42344
75114
75116
42351
9584
75120
9586
42352
75123
75127
9593
9594
9595
42364
75133
75134
75138
42370
42373
42375
75144
75154
42387
9620
75157
9622
75161
9625
9634
75174
42406
9640
42414
75192
9656
42426
42427
75196
42429
9665
9671
75207
75211
42445
75217
75218
9682
9684
42455
9689
9691
75227
9695
75232
9698
75238
42475
42477
42481
9717
9718
42487
9725
9726
75263
75266
42499
9735
75272
42505
9736
42507
9740
42509
9744
75282
9749
75289
42522
75290
75292
75293
9758
42527
75299
42532
9770
42539
42540
75310
9779
9781
9782
42554
9788
42557
42560
75329
75330
9795
9794
75344
9808
9812
75348
9815
75355
9827
42600
42601
9847
42617
9852
9854
42625
75399
42632
9864
42631
75403
9871
75408
9874
42643
9879
42649
42655
42656
42659
9893
42672
42673
42676
42678
75450
75451
9920
9923
75464
75467
75470
42703
9936
9937
75477
75478
9943
75482
75483
42717
42722
75491
75495
42728
42727
42734
75505
9971
75508
9973
42747
42752
9987
42757
75525
42759
9993
42767
10008
10011
42780
10013
75548
10017
10019
10022
10023
42790
10033
42802
42810
42811
10046
42817
42820
10055
10058
42829
75601
42833
42837
10070
42839
75614
10079
75616
75622
75623
10088
42855
42858
75626
75627
75630
10097
42866
75635
10100
75633
42869
10106
75642
42876
75648
75649
75652
10118
42892
42897
10131
10136
10143
42919
10153
10154
10170
10171
10173
75710
42941
42944
42947
10180
10184
42955
42957
10190
10191
10189
42961
42963
75732
10202
10208
75745
10213
10216
75752
42986
10219
42984
10221
42994
42999
43003
75771
10241
43010
75782
75783
10249
10250
10254
43024
75793
75804
43037
43040
75810
10275
43046
75819
10288
10290
43059
75827
43061
10294
10295
10296
43064
75833
10299
43069
43082
75851
43084
43093
10328
10333
43102
10335
75870
43111
43113
10347
43116
75885
75884
75887
75888
10353
75891
10362
43131
10364
75901
75900
43134
75909
75932
75936
75940
43177
43180
43185
10436
43204
43207
43209
75981
10445
10447
43217
10452
75992
75993
10457
75995
10460
10459
75998
10469
10472
76008
76010
10475
76012
43242
10478
76016
76017
10482
76021
76022
43253
10491
76028
76031
10499
43269
10504
43273
76043
43279
10512
76050
43282
10518
76055
43286
76061
43300
43302
10542
10544
10552
76089
10553
43320
10555
10556
10560
10561
43331
76099
43338
76108
76109
76111
10580
43349
43350
76118
10582
10588
10591
76128
10592
76131
76132
76133
76134
43369
76139
76143
43376
43378
10611
10610
43381
43380
76146
10613
76155
43391
43393
76162
10626
10628
76161
43402
10634
76179
43416
10656
43425
10657
43427
43428
76197
10662
43430
10665
10666
76205
10671
76209
43446
76214
43450
10683
43454
76223
10686
76231
76233
10698
10700
43470
10704
10709
10714
76250
43486
76257
43496
10728
76274
10740
76278
10745
10748
10755
76298
10766
76310
43546
43547
76314
43549
10793
76329
10794
10796
43565
43574
43577
76346
10814
43583
10817
43586
10820
10821
43592
10825
10827
10834
76371
43603
43605
76372
43607
43611
76380
43614
76385
10849
76387
43625
76395
43628
76400
10866
43635
76406
43639
76408
10872
43642
10875
43644
10876
76414
10881
43653
76422
76429
43664
10904
10905
43675
10909
76445
10913
43681
10919
76460
10925
76465
43700
76474
10940
76477
43710
10944
10950
10957
43726
76497
10965
10968
43739
10973
10976
43745
10980
10981
43755
10995
43770
11003
11004
43773
11008
43781
11014
11016
76553
11018
76554
76564
11029
76568
43801
43802
11039
11042
76579
11045
43814
11047
11050
11052
43821
43822
11057
76594
43830
76599
11064
76601
76602
76603
76606
43841
11073
76612
43846
76615
76617
11082
76621
11088
76625
76626
43859
11092
43861
11094
76631
11097
11099
11101
43871
11112
76650
43883
76652
11118
11119
11124
76661
76662
43894
11126
11130
11131
76668
76671
11135
11137
76673
11139
11138
11141
43910
43909
76686
43919
11151
11153
76690
76694
11159
11165
11166
76707
43939
11173
11174
11175
43944
76711
76715
43952
43953
76722
43957
43967
43970
11209
11211
76748
76750
43985
76753
76758
76760
11225
44001
76773
44015
11248
76783
76788
11253
11257
76795
44029
11262
11263
11261
44033
11265
44035
44041
11275
11279
11288
44056
76826
11291
44065
44067
76838
44070
44080
11317
76857
44090
76859
44091
76865
76866
11330
44100
11333
76869
76871
11337
76880
44117
11349
76886
76888
11352
44119
44124
76892
76894
11359
76896
44133
11366
44135
44137
11369
11370
44140
76912
76913
11379
44147
44157
76925
11393
44164
44165
44166
44171
11409
11411
76948
76949
44181
76955
11422
76962
44195
76963
11426
11430
44199
76969
44202
76971
11438
76974
44214
11449
44218
76989
11454
76992
44224
76996
77002
44238
11471
77007
44239
44242
77015
44248
77018
77020
11486
11489
11493
11494
11496
77034
44267
11499
44270
77038
44271
11505
44273
44277
11510
44278
11513
44282
44284
44288
11520
77063
44299
77070
44304
44307
44309
11546
11548
44316
77087
77089
11553
44324
77093
11557
44328
11561
44335
44338
44345
44348
77117
77122
44359
77127
44365
11598
44367
77137
11602
44371
77139
11601
77143
11608
77145
44379
44390
77159
44393
11627
11630
77167
77171
11637
44407
11640
11641
44413
44418
44421
11659
77196
11664
77201
77204
11668
11671
11672
11674
77210
44445
11677
44448
77217
11683
44452
77221
44453
77224
77228
11694
11697
11710
44478
44481
44482
77250
11715
77254
11719
77255
77261
11725
77264
11739
44514
44516
44519
44522
11755
44524
11762
77299
11764
77301
77306
44540
11773
44543
77316
44550
77319
44559
44562
44570
44571
44572
44574
77343
11809
11810
11811
44578
44580
77348
44577
77354
44593
77363
77364
77366
77368
44601
11836
77379
44615
11849
11852
77388
77391
44625
11860
44629
11866
44635
11868
77409
11873
44643
11874
77415
44648
11881
11884
44653
11889
11890
77428
44661
44660
44668
77437
77438
11905
44675
11908
11909
44682
11922
77458
44692
11924
11928
44698
77467
11934
77471
44704
44702
77473
11939
77476
11941
11946
77483
77482
11950
11951
11955
77494
44730
77508
44741
11972
44742
77517
11984
44755
77525
44758
11991
77532
11997
44764
77537
12004
12006
44774
44776
12010
77547
44782
77552
12017
77555
44787
44789
77564
44799
12032
44802
12035
77583
12048
12051
44820
77589
12064
44833
12068
12075
12083
12084
77620
77622
44859
77628
12095
44867
77637
44884
12121
44895
44897
12131
12137
44906
12138
77676
44909
77678
12142
77682
12147
44917
77685
44918
12152
12150
77691
12156
12160
77698
44937
77707
12172
12177
77716
12182
77728
12196
44970
12207
12209
77749
12213
77750
77753
12218
44987
44988
12225
12233
45002
45003
45011
12244
77782
12249
12250
12251
12252
77789
45020
45022
12256
77795
12260
77797
77798
45035
12267
77806
45043
77812
45044
12278
45046
45049
12282
12283
12286
12290
12291
12292
45062
12296
45065
45066
77833
77832
45069
12302
12308
12309
77847
12313
77850
77851
45083
77853
45089
12321
12322
77861
45095
45098
45099
12336
12337
45112
45115
12348
77884
12356
45125
45127
77896
12359
45131
77905
45138
77911
45144
12377
12375
45147
12381
77919
77920
12383
77922
12394
77932
77941
45174
77946
45185
77955
77957
12425
12428
12429
45204
77973
77978
45211
45215
77990
12457
78000
12466
12467
78005
78009
78017
12482
12484
45256
12490
12494
45264
78035
45272
78041
12508
78045
45278
12511
78057
45289
78059
45296
78069
78073
78076
45311
45316
12553
45324
78094
12562
45331
12564
78101
12566
78099
45337
45338
78110
12576
78114
78115
78116
12580
12583
78120
12589
12590
45361
78133
12603
78144
45376
78148
45380
78150
45387
78156
45394
45397
12629
12636
78180
78181
78182
78184
78191
78192
78193
45426
12657
78196
78197
12662
45432
12666
78204
45438
12676
45449
12682
12683
78222
78227
78229
45463
12695
12697
78234
12700
12701
45470
45472
45474
78244
12713
45482
12716
12718
45487
45488
78261
12727
12735
45507
78282
78287
12756
78294
78298
78300
45533
45534
78306
12770
12772
12773
45544
78317
78319
78320
12786
45554
45556
78328
45560
12794
45565
45567
45573
12811
12816
12820
78359
12827
78364
45597
45610
45613
45619
78388
78387
12855
78393
12859
78396
12862
78402
45642
45643
78411
78418
45651
78420
12883
78419
78429
45662
12897
45667
12900
12903
12907
45679
45680
12914
78454
78456
78461
12927
12930
45701
45702
12939
12943
12945
45713
78483
45715
78484
78487
12953
12955
45727
78500
12971
45741
78512
12979
78516
12985
12988
45765
45766
13003
78541
13005
45774
13015
13017
45790
13028
13034
45803
78571
78579
45812
13044
13048
78588
78591
13057
78593
45827
13060
13061
13059
78604
13071
78608
13074
78612
13077
45844
45847
45849
78624
13088
45857
45861
13095
13101
13103
13107
45876
45881
78655
78656
78658
13124
78661
13126
13127
78665
13130
78667
45898
78669
78670
45903
78671
45905
45906
45912
45913
78680
13150
45927
45928
13159
45932
13167
78703
13170
45943
45944
13186
45958
45959
78728
78727
45960
78732
13199
78738
78739
45972
45976
45977
78752
13220
78760
45994
13227
13229
78765
13231
13233
13235
78773
46011
13244
78780
78782
46019
46021
78790
13259
78795
78801
78806
78807
78811
46044
46045
13277
78815
78814
78821
78822
13288
78832
78833
46064
13299
78834
13301
13303
46077
46080
13318
46087
46090
13326
13331
78868
78872
46107
78877
78883
13348
46116
46115
78891
78892
13357
13360
78899
78900
13365
46137
78907
13373
13375
13378
78914
78919
13385
13389
46158
78927
13393
46162
46166
13399
78941
13412
13413
13419
46193
13430
78968
46203
13444
13445
78982
46212
46215
13449
46226
13469
46238
13470
79013
13478
13479
46253
79023
46257
79025
79026
13490
46268
79040
13504
13507
46276
13509
79050
79051
46284
13517
46283
79053
13522
46290
79060
79061
13527
79063
46299
13533
13534
46304
13536
79078
79084
46321
79091
46325
46326
13570
79106
13573
13574
13581
79118
79130
46364
79137
46371
46372
79141
46376
13610
13611
79148
13615
46389
79157
79164
79165
13629
46399
13634
13638
46407
13641
46412
46413
79189
79190
46427
13662
13666
13667
46437
46438
79212
13687
79224
79225
13700
46469
79240
46473
46474
13714
46482
79255
79256
46487
79259
13726
13729
13731
13733
13734
46503
79273
79278
46510
13745
79281
13747
46518
13751
79290
46523
79297
46530
13764
79308
46541
13776
79316
79318
46553
13791
79328
79331
46566
13800
79336
13802
79342
46576
46578
46583
13815
79351
13819
13820
79359
46591
79364
79370
46604
79377
13841
79379
13844
79380
46614
79383
46618
46621
46622
46627
13860
79395
46630
79399
46633
79405
46638
46639
46640
46642
79410
13875
46648
46651
79419
79422
13888
79436
46669
79439
46672
46674
79443
13907
79447
13914
79452
13917
13916
13923
13924
79463
13928
13930
13935
79473
46706
79479
13944
46714
79487
79497
13962
79499
13964
46734
79502
46736
79505
46738
79504
46742
13976
46748
79518
46752
79523
13991
79529
46764
46765
79534
79535
46768
46767
14002
79541
79542
46775
14008
14006
79549
79551
46786
46791
46796
46799
46801
46803
79572
46812
14045
14046
79587
79593
79597
46830
14061
79598
14067
46840
46842
14074
46846
14079
79617
79618
14081
46854
14087
46857
14094
79633
14099
46867
46869
79638
14103
46873
46877
79649
14120
79658
14129
14130
46897
79667
79669
79677
14145
14146
46917
14153
79689
46924
14157
79696
14161
46930
14162
46931
14163
46937
79706
14171
79708
46941
14174
14176
46946
79715
14179
14183
14184
79719
14186
46955
79720
14189
79728
46964
14196
14200
79738
79747
46979
14213
46983
14216
79754
14220
79757
46991
46993
46996
79764
14232
79771
14236
14238
14241
79777
79781
14253
14254
14255
47024
14257
79794
47027
79799
14264
47034
79805
14272
79809
79808
47043
79815
79817
47054
14288
47057
14289
14292
14293
14294
14302
47074
79843
47077
47078
47079
47081
47083
47085
47088
79860
47093
14325
79861
79867
79872
14340
47108
47110
79879
14346
14350
79892
47127
47129
79904
14372
79910
79911
47145
47147
79919
79923
79924
79928
79929
47162
47163
47164
79934
47172
79943
14408
79947
79948
14413
79955
79960
14427
47199
79969
79971
47204
47207
47210
47211
47214
14447
14448
79985
47218
47215
79988
79991
79994
47227
47226
79997
47233
80001
80003
47235
80006
47239
80012
47246
80015
47247
47250
80019
80020
14485
47251
47262
80033
80034
14497
14500
47269
47278
80050
80052
47291
80062
47295
14527
14526
47296
80070
47304
80074
14541
14542
14543
47310
47314
14548
47322
47323
47324
47328
47329
80101
80102
14569
47337
14571
47339
47341
80107
80122
47359
14596
47364
47366
47365
80136
14600
80138
80139
80144
47377
80152
47386
80156
47389
14624
47393
80160
14631
47401
47404
47407
14641
80178
47413
47415
80184
47417
80186
80189
14653
80196
14663
47433
80202
14665
14668
14667
80206
14675
47444
80213
80216
47449
47451
47454
14686
80224
14689
14692
80232
14697
47466
14698
14700
80237
47467
47471
80239
47473
47472
47476
14709
47477
47479
80258
47494
14731
80268
47501
80274
80275
47506
47513
80282
80284
14749
80285
14753
47522
47525
47530
80303
14768
80305
14769
47539
47536
47542
80311
14778
80317
80318
47552
47556
14788
14791
47563
14796
14800
80337
14808
80347
80351
14823
14826
47595
80369
80370
14833
47604
14838
80375
80377
80378
80383
47616
14849
47618
47620
47621
80389
80394
14864
47635
80403
14869
47637
80410
80420
80421
80422
14888
14889
47659
14892
80430
80435
47668
47669
14906
80443
80446
80447
47679
14920
14924
14930
47703
47704
80472
14941
14942
47712
14945
14946
80487
47722
47723
80494
47728
47731
14967
47735
47743
47744
47746
47747
14978
47749
47750
14983
47752
80521
14986
80517
80536
15001
15002
80543
80544
80548
80551
47786
15019
47789
47792
47793
80562
15028
15030
15032
80570
47806
80577
15042
47811
47813
80584
15048
15052
15059
47827
15060
80598
15063
47829
15066
47837
15074
80618
15083
15085
15086
15087
47857
80629
80631
80633
47866
47865
15102
80640
15113
15119
80661
15127
80665
15139
47909
15144
15146
47915
15147
80683
15149
47916
47920
15161
80699
15163
47931
80704
15173
15175
80713
47946
80715
47948
15182
80723
47956
15189
15192
15194
47965
47966
15199
47967
80737
80739
15205
15208
80745
15210
47978
15212
15214
47984
15223
47991
47996
80764
80767
48005
15238
15240
48009
80785
15253
48024
15258
48027
48029
48030
48032
48034
48035
15267
15270
15272
80811
48044
48050
80821
48057
80825
48064
15306
80842
15312
15316
15317
80856
48089
80858
48094
80868
48100
48105
15340
48109
80880
15347
48119
15351
15353
48121
48129
15363
80904
80905
48142
15377
80916
80919
15385
80923
15389
48160
80930
80931
48165
80934
80947
48180
80949
48184
80954
15421
48189
80967
48200
48201
15437
48205
15439
80976
80977
80980
15448
80985
80988
15455
80992
15457
48226
48228
15461
15462
15465
15475
15478
81014
48248
15480
81018
48251
48253
81022
81023
15489
15490
81026
15491
48261
15493
48258
48266
48274
81043
48277
81047
15512
81050
15516
15519
48291
15525
48296
15532
15543
81083
48322
48324
15559
81095
48328
81098
48337
15576
15579
81115
15581
15584
15585
15586
48359
48361
81129
48364
81134
15600
81143
81146
81148
48382
48385
48387
15620
15622
81158
15625
81161
81165
48398
48399
15631
15638
81177
48412
15653
48423
81191
48426
81194
15660
81197
15661
48429
81205
15674
48444
15677
15678
48447
48448
15688
15694
81230
81234
15700
48479
15716
15717
48490
48492
15728
81269
15734
15736
15738
15740
81279
48511
81281
48514
48516
81286
48522
81291
48525
81299
15763
81308
15772
48546
48547
15779
81317
48550
48560
81331
15796
48565
81334
81335
81343
15807
81352
15816
15826
48598
15835
15837
81373
81379
15845
48615
48616
15849
15847
48619
81388
15853
81390
48624
48626
81400
48632
81402
15868
81405
81404
48641
81414
81415
48655
48657
15890
81428
48662
15896
48669
15903
15909
81452
15918
48687
81454
48691
48696
81465
15932
48703
48705
81473
48706
48708
81477
15941
81479
48713
15946
15947
15948
81485
81487
48719
15955
48725
15960
48731
15964
48733
15968
15975
48744
81514
48746
15981
48751
81524
48757
15992
15993
81531
15995
48764
48766
48768
81540
81542
16009
81546
48782
16019
48788
48787
81560
16026
81562
81564
81571
16036
16037
48809
48810
81579
16044
48813
48814
81581
81578
48817
81586
48819
81585
48820
81590
16051
81592
48824
16050
48827
48830
81613
81616
81617
48852
16093
48862
16101
16105
81644
48877
81648
81652
16116
48885
81656
48889
48902
81671
81674
16139
16140
48909
48910
48908
48913
16146
81684
81686
81687
16150
16153
81692
48925
81694
16160
48930
16163
48935
16168
81705
81703
16171
48941
81712
81713
16185
81722
16186
48956
81726
81727
81736
81751
81752
48985
81754
48987
16220
48989
81753
81760
48993
16226
48995
48996
81767
49005
16239
81777
81779
16245
49018
81787
49022
81791
81797
81798
81803
49036
81806
81810
49043
81811
49046
49050
49051
81819
81821
49054
16287
16295
49064
49076
16309
81846
16311
81861
81867
16335
49104
49103
16336
81876
81878
49113
16347
81885
49119
81890
16356
81893
81894
16359
16368
49140
81909
81913
81914
81916
49148
81918
16386
81922
81927
49163
81933
81934
16400
81937
16414
49183
81954
49194
16426
81963
16429
49200
81968
16437
16439
81976
81978
81980
49212
49214
16448
16449
81991
49226
49227
81997
16469
49240
16473
49243
82012
82014
82015
82016
49248
49251
16494
49263
16495
16496
16498
49265
82036
82039
16506
16509
49279
82049
16515
16519
49288
49296
16530
82067
49298
82066
82079
82080
49313
16547
82088
16554
49325
16558
16559
82097
49330
82100
16567
49339
49340
16574
82113
49350
82123
49358
49360
49364
49365
16596
16599
82136
49372
82142
16606
82148
49381
82155
82156
49388
16624
16628
49396
16630
82165
82164
49404
82177
82178
16641
49414
16647
82182
82184
49418
16651
16653
16660
82199
82200
49435
49440
49441
16675
82212
16678
82214
82217
49453
16686
16688
82225
82226
49467
16699
82238
82240
82243
49476
82245
16713
82250
82251
16716
49487
16725
16726
82265
16729
82267
82272
82281
82282
16749
49517
49519
82291
82294
16762
49531
82298
16772
49541
82309
49542
82312
49546
82314
49549
49550
16783
16788
16791
82329
49563
16796
16804
49581
16822
49596
16830
82366
49600
82369
16835
82372
16839
16840
16844
82390
49623
82392
49630
82400
82401
82403
16870
49640
16875
82419
49652
82423
49656
16891
82428
82433
49668
82441
49676
49678
49686
82457
49693
16929
49699
82467
49702
82470
49704
16937
49706
82472
16940
49708
82478
16948
16952
82489
82490
82491
49725
82494
16960
82503
49736
82504
16968
49738
82511
16979
16981
82520
49756
82526
49759
16992
49763
82532
49764
16998
82533
49766
17008
49778
17014
49782
17015
49789
82559
17026
17027
49799
82570
17038
49807
49808
49809
17054
49823
82594
17060
17061
17064
17068
49837
49838
17071
82604
82605
49842
82612
49846
82621
17087
17090
82627
17092
49860
17094
49865
49866
17101
17104
17107
82649
82650
17114
82654
49888
82657
49890
49895
49906
17139
82676
82680
82685
82688
49922
82691
82692
49927
17160
82699
17166
17168
17180
49949
82720
49959
82729
17194
49965
49966
17200
82736
49975
82747
82751
82754
82755
49988
82759
17225
49994
82771
82772
17235
82774
17241
50013
17246
50017
50019
50020
50021
50022
50025
82794
17262
17266
17270
50048
50050
82819
82820
82830
82839
17304
82846
82852
82856
50089
82860
82861
82862
50099
17332
17333
82868
17331
82878
50110
50112
50113
17346
50115
82882
17351
50120
17354
50122
17357
17361
17364
82907
17372
50141
50142
17380
17385
17387
82924
17389
17393
17398
50167
82939
17403
17405
50174
82941
17410
50179
50182
82956
17426
82965
17430
17429
50200
82969
17434
82967
82980
17444
17446
82981
50219
17455
17456
17460
50229
50233
50234
17465
17467
83009
83011
17480
17482
50250
50254
17487
17490
50262
83031
17501
83038
50282
83052
50287
50289
50290
50291
83064
83066
50299
17534
17545
83084
50317
50319
83089
17554
50328
17560
83100
17565
83104
50340
83108
50341
17577
50346
83116
17583
50352
83122
83123
83126
83137
50372
50373
17607
50376
17610
17611
83152
83153
17618
50386
83156
83157
83158
17622
83161
17628
17635
17636
50405
50407
83177
17641
50412
17645
83182
50416
83186
17652
50421
50423
83193
50430
17665
17666
50438
83208
17673
17674
17675
83212
17677
50444
50449
83220
17684
83225
17691
83230
83233
17698
50465
50468
50467
83239
83240
17703
17713
83255
83257
50494
83266
50498
17735
17740
17741
50508
83279
83280
17744
17749
17752
50524
17759
83299
83300
83302
50536
17771
50540
50548
17785
17791
50560
17794
50565
50566
50567
17801
83340
83341
50575
50576
17810
50581
83350
17814
17821
83358
50593
83364
83365
17832
50605
50606
50614
50616
83385
83386
50619
50620
83389
17848
17860
17863
17864
83399
50636
50637
17873
50642
50647
17881
50649
17883
83419
83421
17886
17891
50661
17894
50666
83438
17903
17905
50677
83450
50683
17916
17917
83455
17919
83461
17927
50699
17931
17934
50704
17936
83475
17947
83484
83483
83488
83489
17953
83491
83498
17963
17966
83502
83508
17974
83510
83516
17990
50760
17993
50762
83531
83532
17997
17996
18000
83545
83551
18016
50786
18019
18021
50800
50804
18037
50809
18047
18061
83598
18063
83600
18065
50832
18071
50842
18075
50847
50848
83618
50852
18089
50858
83625
83632
50866
83634
18100
18101
83644
50883
18118
50887
18120
83654
50888
18125
50893
50896
18130
83666
50901
50902
83671
83670
83669
18137
18141
50913
18147
50916
83685
50918
18152
50926
18158
50930
83698
18162
18169
18170
50938
50940
83711
50944
18178
18181
83717
50950
83723
18187
18188
83728
83734
50967
83738
83739
50971
50974
83743
50975
83747
18224
83763
50997
50998
50999
83769
18235
18236
18237
51008
18242
83783
18251
18252
83789
18254
18255
51025
18258
18259
18260
51035
83807
18271
51041
83808
51044
18283
18284
83820
51054
18288
51064
18296
18297
83833
83836
83832
51070
51072
18306
18313
83851
18316
51086
18319
18321
51093
51098
18330
51100
18334
51105
51106
83875
51109
83878
51112
18345
51116
83893
51126
51132
51134
83904
18370
51139
83912
51147
83916
18382
51150
51154
83924
18395
83932
18401
18404
83941
51176
18408
51180
83950
18415
83952
83958
18424
51195
83964
18434
51204
18437
83976
18441
18442
18443
18440
18445
83981
18447
51217
18453
18464
51233
18468
51238
84009
51242
51244
84015
84016
18479
84029
51262
51265
51267
18500
84037
51273
84042
18507
51276
84048
51284
51285
18517
51287
51291
18523
18529
18531
18542
51311
51313
84083
51317
18551
18554
84097
51329
51332
18565
18570
18573
18578
51346
84116
51351
18585
51354
18587
84126
18592
51361
18593
51362
84130
18597
84140
18607
51375
51383
84159
18626
84164
18628
18630
51404
18636
18638
18637
18643
84182
18649
84186
51419
51418
84187
84189
51427
51429
51431
51432
51438
51443
84212
18677
18680
51453
18686
84226
18690
84228
51461
84234
18701
51474
51479
84248
84249
18718
84254
51488
18720
51492
51494
84264
51498
84268
18732
84273
51506
51505
18740
18750
51522
51528
84296
84306
84308
18772
51544
18777
18781
84323
51557
84332
84339
84340
18805
18810
18811
51578
51581
51582
18815
51589
51590
18823
51601
18836
51604
18838
51606
84373
51609
84378
51616
51617
18851
18852
51621
84388
18856
18858
84395
84398
18865
18866
84405
51639
84409
18875
18878
18879
84418
51652
84420
18887
18889
51658
84429
51662
84433
84439
84442
18907
18910
51678
84450
84451
51688
51690
18922
51692
51697
18935
84474
84477
18948
51717
84485
84489
18954
84496
51730
84504
18972
18974
51746
51747
51750
51752
51754
18987
84525
51760
84533
51768
19000
84538
51779
19013
84553
51788
84557
84560
19028
51796
84579
51811
19045
84583
19052
84588
51822
84593
51833
84606
84607
51840
19072
84616
19081
51851
51853
19087
84626
84628
84630
19095
19094
19097
51866
84638
51876
84645
51879
84650
51883
84652
84655
19125
19128
84667
84668
51908
84678
51912
84685
19150
51925
19159
84695
51935
51939
19171
84712
84713
19182
19183
84726
84730
19197
19198
19202
51974
51975
84743
19209
51977
19215
51984
51983
19218
19219
51988
19224
51993
84761
51995
19227
84765
84767
19234
52010
84783
19249
52019
84792
84793
19257
19262
52034
52036
52038
52039
84808
84820
52053
84824
84825
52067
52068
84839
19307
52076
52077
19310
84843
19312
84849
52089
19323
84860
52091
84867
52102
19338
84874
84883
84891
52131
52135
19367
52136
52140
84915
84920
52153
52154
84923
84925
52160
84931
84932
84934
84935
84942
52175
84945
84948
52184
52187
19422
84960
84961
19424
19425
84967
52200
52203
19437
19440
19446
84986
19451
19452
52221
52222
84993
85001
52236
19468
19470
52239
52238
52241
19474
19480
52250
19487
19493
85029
85032
19498
52268
19501
52274
19506
85044
52276
85047
19512
19518
85057
85062
52294
85064
52297
85066
52296
85074
52309
52311
19544
52314
52319
85089
19555
19557
52325
85097
19561
19562
85100
85103
19569
19572
85113
19577
85116
52350
19583
19584
52353
85123
19590
52364
85135
19600
19601
85137
19603
85136
52370
85142
52375
52380
19613
85150
52383
19616
52386
85154
19619
85156
52388
52390
52391
85160
19625
85162
19624
52396
52397
19631
19634
52404
52410
85181
52419
85187
85200
52434
85203
52436
85206
85207
19672
85208
85210
85209
85212
52447
19681
85219
52453
19687
85223
52457
52455
85227
52462
52463
85232
52465
19700
19703
85242
19711
52481
52486
85257
85258
52496
19735
19736
52505
19741
52510
52515
52516
52518
19750
52521
85289
52527
19760
19761
85299
52531
19765
85301
85305
19772
52541
85310
19773
52547
19780
19781
85319
19783
85323
19792
19794
52563
52566
85336
52569
52570
19806
19807
52576
85345
19811
52580
85354
52588
19825
19826
85363
52598
19830
85370
19835
19840
19842
52610
85378
85382
19846
52619
19851
85387
85392
85394
19858
85397
85400
85401
52632
19868
85405
52637
85408
19873
52644
19882
85426
52661
52665
52666
19901
52671
52680
85448
19920
19921
85460
19924
85463
85465
85466
19931
19932
19934
19937
19939
52712
52713
52725
19958
85493
52733
52737
52739
85510
52756
19990
52762
19996
85533
85534
52769
20002
52773
85547
52780
85551
52785
52793
52795
52796
85566
52806
85578
52811
20042
85581
52817
85585
85587
85590
52827
85598
52833
52836
20071
85609
85611
52844
52850
85624
85628
52861
85631
52866
52867
52868
85637
20101
85643
20108
52876
20113
85651
20115
52887
85656
85658
20123
52892
85660
85664
20133
85671
20136
85674
20140
85676
85684
52917
52919
20154
52923
52925
85695
52928
85696
85702
20169
85710
85717
20182
20186
85725
85731
85733
20202
85740
52973
52974
20208
52978
20211
85746
85754
85757
52990
52991
20224
85761
85763
20229
20230
20234
20235
53008
20242
20243
53012
53017
53019
85787
20253
53024
53026
20263
53033
20273
85811
53044
20280
85817
53048
53051
53052
20285
53056
20288
85826
20290
53066
85840
53072
20304
53075
20309
53077
85847
20312
53084
85853
85857
20323
85866
20331
85875
53108
20342
85879
85884
53117
53118
20349
85886
53123
53124
53127
20361
85899
85900
53133
85905
53139
20371
85912
85919
20385
53166
53167
20403
53181
20418
53190
20427
85964
53197
53200
20433
20434
53203
20435
85973
53208
20443
85979
20446
85982
20449
85985
85986
20450
53221
20454
85994
20458
53229
53231
53232
20467
86003
20470
20473
53242
20476
86020
53252
86028
20499
20500
20502
86044
86050
53283
86054
20524
53293
86061
86069
53303
20535
20544
20548
53317
86088
86093
20558
53325
86094
53330
86101
86102
53333
86105
20573
53342
86112
20577
53346
20583
20585
86121
20587
20589
20593
53361
53366
20598
53376
86144
86148
86149
86156
53395
86172
53408
86176
20642
20643
20645
86181
20646
20648
86185
20650
53416
86186
53421
86195
20661
86197
53431
53433
20668
53436
20672
20674
53443
53454
53457
20695
86231
86233
53469
53470
53471
86244
53479
20712
20716
53486
53497
20730
20733
20736
86272
53506
86275
20739
53504
20742
86277
86273
20748
86287
86289
20759
86298
20770
53539
86308
53538
20771
20774
86313
53545
86325
53559
86327
86335
20799
53572
53573
86345
86348
20813
53582
20821
86361
20827
20833
53603
20836
20837
20838
86378
20844
20845
53616
20849
20852
86397
20865
86403
86404
20869
86406
53640
86409
86408
86410
20877
20878
86415
53650
86423
86427
20892
20901
20902
53676
53682
20919
20922
86466
86470
20935
20937
53708
20941
86476
53713
20945
86484
53727
20962
53732
86506
20974
20976
53745
53746
86515
20980
20981
53752
86524
53761
86535
21001
21002
86539
86541
86542
86544
21025
86562
53795
53800
21032
21033
53802
86574
53808
21044
53814
21048
86584
53818
21051
21052
53821
86591
53827
21060
21061
21062
86609
53844
21079
86616
86617
86618
21083
86620
53855
21092
86636
86639
21110
53881
53888
21124
53893
21126
53895
21128
53902
86671
21139
53908
21144
86680
53913
21147
86685
53926
86695
21160
21161
21163
21167
21171
21173
86709
53944
21177
21184
86724
21188
86726
86728
86730
21194
21199
53974
53975
53976
86747
53980
86749
21220
21222
53991
86761
21225
21227
86763
86764
86766
21236
86775
86777
86779
86781
86782
54020
21253
86795
21263
54033
54034
86801
86804
21268
86807
54040
21273
21279
21280
86820
54057
86826
21292
86828
86831
86834
86838
21303
21308
21310
86851
21316
21317
54091
86866
54104
54105
21337
21339
86876
21341
54110
54108
54115
86883
86887
86890
86891
86892
86895
86896
54129
86899
21364
86901
54134
54132
21368
21363
54141
21377
86918
21386
86923
21388
86925
86926
54159
86928
21394
21397
86934
54167
86936
21398
86939
21403
21406
21411
54185
54186
21419
21421
86958
21423
21428
21433
54202
21437
86975
86978
86979
86981
21454
54223
21456
21461
54231
87000
87002
54234
21468
54239
54240
21475
21477
54248
54255
54256
54261
21494
54264
87034
87041
54274
87043
21509
21512
21513
87049
87051
54284
54289
21523
21532
54304
21538
21541
54317
54318
54319
21557
21559
87096
54329
87102
54348
54351
87120
21583
87124
54358
87129
21594
21595
21600
87138
21603
54372
54373
54377
21612
87149
54382
54380
21618
87156
54389
21621
87163
54395
87166
87167
21634
87171
21636
54408
54412
87180
54416
54417
21650
54420
54422
87192
87195
87196
54430
54433
87219
21685
54454
21686
54453
54456
87226
54459
21691
87235
87241
87242
21709
54478
87246
21715
54484
54487
21724
54492
21731
21739
54511
87280
87288
21752
87289
21756
21765
21767
87306
54540
54548
54549
21780
21781
87323
54558
87333
21798
21805
87347
21817
21819
21821
21823
87360
21830
87367
54601
21834
54608
54609
54611
21843
54614
54615
87384
54620
54621
87390
54624
54626
21859
87409
54644
54646
87417
87421
54653
21886
54659
21894
21900
54674
54677
87449
54686
87456
87457
21923
87463
87464
21932
87471
21938
21939
87477
21950
54720
87491
87498
21962
54734
21971
87509
54742
87517
87522
54756
87525
87527
21992
87534
54767
87535
54770
87541
87549
54782
54783
22017
87553
54790
22024
54793
22026
87566
54804
22037
22039
87576
87575
54810
54816
54817
22050
87584
87589
22056
54826
87596
87602
22069
54842
54843
22076
87612
54850
87620
22086
22088
87624
22089
22092
87630
22097
22098
54865
22100
87633
87641
22107
22108
87647
22112
87652
54884
87655
87657
22127
54896
87666
54898
87670
22136
87673
22138
54907
54912
54914
22146
22148
54917
87688
54920
87692
22159
22161
22162
87698
54932
87700
22167
54936
22169
54937
22168
87711
54947
87715
54949
87720
22188
22189
87733
22198
22203
87741
54974
22206
22205
54979
87749
54982
87751
22219
54988
54989
22224
22225
22230
54999
22232
87771
22242
22244
22245
87782
55015
22248
87781
55018
87787
55020
22250
55022
87788
22259
55032
22271
55040
22274
55045
87813
55048
22282
87818
55052
55056
87827
22295
55064
55068
87837
22302
87838
87841
22307
87846
55080
87849
22316
22317
87858
22323
55092
22325
22326
22328
87868
55102
87870
87872
22337
22336
55107
55112
22345
55117
87889
87891
22356
55125
55132
55133
55134
87904
55138
55142
22375
87914
22378
55149
22382
55154
22387
22388
55157
55161
87930
22398
55170
55183
22418
22421
22425
55195
55200
87969
22438
22441
55210
87980
22445
55215
87985
55217
55218
22452
87988
87995
22461
87999
88003
55235
22469
55241
88012
55246
22481
22482
22484
88023
22488
22491
55260
55263
88033
55267
55272
55273
88041
55278
88046
55280
55279
22510
22520
22521
55289
22527
22528
22538
22540
88078
88080
22547
88085
55319
55326
55327
22561
88099
88100
22567
88104
55337
88106
88105
22573
22576
55345
22586
88122
22589
22591
88131
55373
22606
22608
22613
88152
22617
88155
22619
55389
55390
88164
55397
55396
22631
22634
55410
22643
88180
55414
88188
22652
22656
22657
55428
22661
55432
88203
55441
22676
55445
55448
22681
55451
22685
55454
88223
55456
22689
88226
55458
22692
22693
55467
88238
55470
55474
22707
55476
22713
55482
22715
55484
22718
88257
88262
88264
55496
22737
55507
55511
88279
88281
88282
55515
22749
55519
22752
55523
88295
22767
55536
55539
88307
22772
88310
88312
88313
55549
88318
55551
55552
88323
55558
88329
22793
88331
22794
55568
88342
55582
88358
88362
55595
55596
88368
55601
88373
88381
22846
55616
55621
55630
88402
55634
88403
88405
88406
88407
22869
55642
22888
22889
22894
22897
55666
55669
22903
22908
88447
22913
22920
55688
55690
88460
88461
55695
88464
88468
88469
88472
22938
55706
22949
55721
22955
88492
55730
88499
55731
88501
22970
22972
55747
55748
88519
55751
88523
88524
88525
22991
88528
88529
22994
22998
23001
88540
55774
23008
55779
55784
55786
23022
55791
88559
88562
23027
88564
88566
23034
88571
88573
23042
23044
88581
55817
23049
55819
88589
88591
88596
88599
55832
88601
88607
23071
23078
55848
23080
23084
55853
23086
55852
88629
88630
88631
88632
23097
23094
55868
23101
23104
88641
88642
55875
23114
55884
23117
23118
23122
88659
55891
55892
55894
55903
55906
23143
23146
88683
23153
88689
55923
23158
23163
88700
55934
55935
23166
88713
55945
88715
88725
55959
55966
88736
23206
88744
88750
88752
23217
55986
88755
88756
55984
23227
55999
88769
88770
23237
56007
23244
23248
56019
23254
56023
23256
23261
88798
23262
56033
23270
23275
88812
56045
56043
23283
56053
23287
23288
23289
56063
56065
88835
23303
23304
88844
56077
23312
88851
23317
23318
56086
88856
88857
88858
88859
88866
88867
56105
88874
88875
23337
88884
23349
23350
23351
88889
88890
23354
23355
88900
23368
56143
88920
88921
88922
23391
88928
88934
23399
88935
88938
23403
88941
88942
88943
88947
56182
23415
56183
56184
23420
88958
56190
88961
88962
56199
88970
23440
23447
56215
56217
56221
23468
23473
56242
23475
23474
89013
56241
89016
23480
23482
56256
89028
56261
23497
89034
89037
89039
23503
56273
89043
89046
23510
23512
23513
89050
23515
56289
89058
89060
56295
56297
56299
23532
23536
56305
23538
56309
89081
56314
56317
23550
23549
56320
23555
56324
89093
23562
56331
23563
89101
56346
89119
56352
56360
89134
89135
56371
56375
23608
89145
56378
56381
56383
89152
89157
89158
23634
89170
89175
89181
23647
23648
89197
23662
23663
56429
56433
56432
89204
89206
23670
56445
56448
89216
89220
56452
23688
23690
56458
23695
89232
89231
56468
89238
56474
23708
89245
56478
89248
23713
89255
89256
23722
89259
89260
56496
56497
89269
23734
56503
89273
23737
89274
23741
23743
56515
56517
89285
56521
23753
23755
89292
23754
56526
89291
89296
23759
23765
89302
89306
89311
89312
89313
89317
23783
89323
56560
89330
23795
23796
56569
89337
89340
89343
56576
56577
23811
56579
56581
56585
23819
23823
56592
89359
56601
23834
89370
23842
23845
23850
23851
89388
23852
56621
89391
23855
89397
89400
89401
23865
89403
89409
89411
56646
23884
89434
23900
89441
89443
23907
56675
56678
23911
56682
89450
89453
89457
89460
23926
56696
23930
56706
23946
23947
89485
56723
89493
89494
56730
89499
23963
56734
23966
23968
89508
89509
56740
56743
89512
23975
56747
23980
23981
56751
56758
23991
23997
24000
89544
24015
89551
56784
24021
24022
89560
89561
24031
56803
56805
56806
89576
56817
89587
89591
89592
89596
56829
24063
56838
56842
56844
89613
24078
56850
24083
89618
24082
56860
89632
24099
24100
89638
24103
56872
24107
56875
24109
56879
89647
56882
89651
56888
24121
24123
24125
89666
24131
89668
56905
56907
89680
89683
24152
89696
89697
56931
89702
56937
56945
24179
89716
89717
89720
89721
89722
24187
89726
56958
24197
24202
24203
89743
56978
24214
24218
56989
24222
24224
24228
57000
89770
57003
24239
24244
89783
24251
89788
24253
89789
57027
24260
57029
57035
24267
89803
89812
57047
24280
89816
57051
57052
24285
89821
89825
89827
24292
24294
57063
24295
24298
57067
57074
24308
89846
57079
89849
89857
89858
24323
57095
57097
57098
24337
89874
89873
89880
57114
24346
89887
89889
89897
24367
57137
24372
89909
89910
57141
57149
57150
57151
24384
57153
89920
57155
57156
24393
89929
89931
24398
57168
57170
24402
57176
89944
57178
57180
57182
24414
89954
24423
24424
24425
24427
24432
89970
57203
24438
24441
89978
89977
89982
57214
89985
89987
57222
89991
89990
89994
89997
24469
24475
90014
24479
90015
57249
24485
90032
24497
90039
57272
90043
24509
57281
90049
90050
90053
90060
57300
24534
57306
57310
57312
24550
57328
90098
24562
57331
90101
57334
57336
24571
24578
24583
90119
90121
57355
90124
90125
90135
24603
90140
90143
90145
90153
90158
24624
24625
57394
57398
24631
57401
24635
57404
57405
57408
24641
24646
24649
57426
24660
57433
90202
90203
90204
57443
57447
57451
90221
57458
24692
90229
90230
57464
57465
90235
57468
90239
24707
24709
90248
24715
57485
90256
57488
57492
24726
90265
57498
24732
90273
24739
57510
57512
24745
90283
57516
90287
57520
90289
24759
90296
57527
24764
57535
24769
24773
90310
90313
90316
57552
24784
24786
90323
24789
24794
90331
24800
24803
57572
57574
57581
57582
57583
90357
24823
57592
57595
24832
90369
57603
24844
24847
90386
90390
24854
57624
57625
90392
24861
90404
90411
24877
24879
24882
24883
24889
24890
24892
57660
57662
90433
90437
90438
24906
24908
57678
24910
90448
90450
90452
90454
57688
24921
24920
57693
90463
24930
90467
90471
57707
57717
24953
90491
24955
57726
90498
24963
57731
24966
24967
90504
57740
57741
90512
57747
90517
90519
24983
57753
24986
90523
24988
90522
90524
57760
24993
24996
57767
90535
24999
57770
90539
25004
25006
25009
90547
90549
25014
90551
90552
90553
90555
57787
57789
25025
57795
90564
25027
57800
90569
25034
25040
25043
57811
25045
90588
25052
57822
57826
25058
57830
90599
25066
57835
25068
90608
57841
90609
25074
90610
57848
57850
25087
25089
90626
57858
25093
25094
90635
25099
57871
57873
90642
57874
25113
57887
90662
25126
57896
25130
25132
57900
90672
25148
25149
57922
57924
90693
25158
25162
57933
57934
90702
57939
90709
57942
57949
25182
90717
25184
25187
57957
90726
90731
25196
25201
90738
57971
57974
25206
57975
25212
57981
90749
90754
25219
57997
90770
25235
90774
25239
25248
90785
90786
90787
90791
58024
90793
90797
58030
58038
90807
58047
25282
90818
25294
25302
58071
90843
58078
25312
25315
90853
58097
90870
90871
25335
90875
25344
58113
90886
90887
25353
25354
90890
58126
90894
58130
58137
58140
58143
90913
25378
25380
25381
58149
58155
90925
25391
58162
90932
90937
90940
25408
58176
90946
58180
25419
58193
90962
90961
58197
58205
25441
90977
25443
90980
58214
90984
58225
58226
58227
25458
90998
91001
91008
25473
25472
58241
58240
91022
91023
25493
58265
25498
25499
58271
58272
25505
91042
58277
91045
91049
91050
25513
25517
91055
58287
58293
25528
58298
91068
25533
58302
58303
58304
58305
91074
58307
91076
25549
58319
25552
25553
25554
25555
58325
91101
58334
91104
58339
91108
25575
58344
25578
91117
58354
91122
91125
91126
91133
25598
25601
58373
58376
58377
25609
25613
91151
91153
25617
91160
91169
25634
25637
58406
91176
58410
58411
91178
58414
58417
58419
25653
91190
25656
91193
58427
91196
91202
58435
91204
25670
58439
58441
25674
91209
91210
91212
25683
25685
91222
25687
91224
25694
91230
58465
25697
25700
58472
91241
58479
25713
91251
58486
25719
58487
91254
25722
25731
91268
91271
58505
58510
58511
91281
25751
25752
58521
25758
58535
25767
58541
58543
58549
25782
91319
58552
91318
58558
91335
58568
91337
58572
25805
91343
25811
91350
91358
91361
91362
58596
58599
58600
58606
25842
91379
58614
58619
91395
91396
25860
91398
58629
25864
91402
25868
91404
25871
58644
58647
25885
25887
58658
91429
58670
25906
58674
91445
58677
91446
91448
25909
25916
58686
58696
58697
91471
91472
58707
25940
91476
91478
58716
25948
91485
58723
25955
25957
91493
58727
91496
25958
91500
25965
25966
58737
91510
25975
58742
91517
58750
25989
25990
91530
91532
58767
26001
26003
58775
58779
26013
26016
91554
26019
26018
58791
26025
91564
58797
91568
26034
91572
58805
26037
91573
91579
26045
91583
58821
26053
58824
58829
26062
91601
26067
26068
26071
58840
26073
26074
91611
58844
26080
91618
26082
91623
58856
91624
91626
58857
58862
26096
26099
26101
26103
58871
26106
58875
91644
26109
91646
26111
91647
26116
91655
58887
26124
91661
26125
26128
26129
58898
58902
26135
26136
58910
91681
26146
58915
91685
26151
91687
26153
58923
91694
26158
26159
91697
26162
91700
26166
26170
26180
58949
58954
91722
58958
26193
58962
26195
26203
58977
26211
26220
26221
91760
58993
91763
91765
26234
26236
91775
26241
59009
91779
26247
26248
91784
26249
26252
26254
26258
59027
26260
26265
26267
91803
59036
91805
59039
26273
26274
59048
91818
59056
91829
91831
26296
59064
59067
26299
26303
26304
91840
91842
59077
91848
59082
26319
91857
59093
26326
26325
26328
91865
59095
91861
59101
26335
26336
91873
91875
26341
26342
91877
91881
91884
26348
91885
91888
91889
91891
59126
91895
26360
26365
26366
91902
91904
26369
91909
91913
91914
91917
91918
91920
59152
91924
59156
26388
59158
59160
91929
59162
91930
59164
59165
26389
91927
59168
59176
91945
91949
59183
26416
59187
91957
59193
59194
26433
26435
59204
91977
91980
26446
26451
91988
91990
59222
59229
26462
26469
92006
92005
92010
26475
59242
92013
26478
59247
26474
59251
92020
26486
92026
26493
26495
92031
92034
59267
59284
92053
92056
26521
59289
59291
59294
26529
59307
92076
26548
26551
26553
92090
92092
92094
92095
92096
59329
26558
26564
59334
92110
26583
59352
92127
92129
26593
59369
92137
59372
59373
59374
59375
92145
59379
92148
59380
26614
92155
92156
59387
59392
59395
92163
59399
26633
26634
59402
92173
92177
59416
59419
92187
92189
92188
92192
92193
59426
26661
26664
92201
59434
59435
92206
59441
59445
59446
92214
92220
92222
92227
26691
59461
26693
92234
26703
92239
59476
59477
26709
26711
92250
26718
92254
59488
59490
26727
92264
59500
26735
26737
92277
59510
59512
59513
59516
59525
59527
59537
26773
59545
92316
26783
26786
26787
59555
26791
26793
26795
92336
26801
92338
92341
59574
92348
59582
92350
26817
92354
92360
92362
59596
92365
59598
92367
92370
26840
59609
26842
26844
92381
26846
59615
92384
92391
26855
92393
26864
59636
26869
92406
92413
26880
26881
26885
92423
92428
26897
26898
26902
92439
92441
92442
59673
59677
92448
92449
92450
26915
59684
59681
59687
92457
92460
26926
92466
59699
92467
26933
59710
59711
26944
92483
59718
59719
59720
59724
92493
59728
59729
26963
26966
59735
26968
26969
59734
92507
92511
92513
92515
59750
26983
59756
26995
59768
92538
92539
27013
27014
27021
27025
92561
92563
59795
27029
59803
92575
59809
92579
92585
92588
92590
59825
92596
92600
59841
92610
27074
27078
27080
59853
59855
59856
92627
59860
92630
92631
27097
27104
59877
27109
59883
59890
92660
92661
59893
59894
59900
92670
59904
27139
92688
27158
27162
59935
27172
59942
92711
92712
59943
27180
59949
92726
92730
59970
27204
59976
27208
27212
59985
92756
59990
27223
27224
59992
92759
59998
92767
60000
27236
92774
27239
27241
27242
27246
92786
27252
60022
60024
27256
27260
92801
92802
27271
92809
92810
92811
60041
27278
92817
60050
92820
60052
92822
60056
92824
27294
27295
60063
60067
92838
92841
27313
60082
92851
60084
27321
60089
27326
27329
60101
27341
92881
60114
60115
60118
92889
27359
27363
92899
60132
27366
92903
27376
92913
60146
27379
92916
27385
27386
60153
60158
92926
27393
92930
60164
60171
27405
92943
27408
60175
60179
27414
92952
27417
92954
27419
27427
60196
92966
27431
92967
60199
60202
92972
92974
60213
27446
92986
92987
92988
27453
60221
92995
92997
60231
93000
27471
60241
60244
27488
60258
27503
93040
27505
60271
27510
27511
93050
60282
27519
93056
27520
60291
27525
93064
27529
27535
27536
27537
93078
27543
27546
60315
60321
93093
93094
27558
27561
93098
93099
27566
60335
60337
93106
60340
27572
60346
93121
27587
93128
27593
93130
60363
27600
93138
27605
27608
27610
60383
27618
60389
60390
27628
60400
60403
60404
93175
60410
27645
60415
60416
27650
27653
93189
60423
60425
93193
27661
93198
60432
27668
93206
27672
93216
93217
27681
27683
27684
93220
93222
27686
60477
60480
60482
27718
93256
27721
93267
60500
93269
27735
93272
27737
93271
93280
60515
27750
60522
27759
27765
27768
27772
60541
27775
60544
27776
27787
60556
27789
27788
60557
60564
93337
27804
93340
27806
60575
93349
60582
27815
60590
93362
27831
93370
93374
27839
60612
93381
27846
93386
93392
60630
60631
93398
27867
60636
60638
27871
60643
27877
60645
93415
93416
93417
60648
27889
93434
60666
27900
60678
27914
93450
60687
93457
27922
93458
93460
60700
27936
60707
27939
60715
27947
60717
27950
93488
60720
27952
93493
27957
27960
60730
60739
27972
27974
93511
60745
27984
93521
60753
27987
60765
93534
93535
60768
60777
60779
28012
60780
60784
60785
93557
93561
28029
60797
93568
60801
28038
93576
60808
28043
60814
93585
28055
60824
60825
28058
28059
60829
93599
93602
60836
60838
93607
60842
28074
93614
93622
60856
60861
93629
93634
28101
93638
60870
28103
93637
60879
60889
60892
93666
60900
60903
60904
28140
28142
60911
60912
60919
93691
93693
28164
60934
93705
93707
60940
28176
28181
93717
93719
93718
28187
60959
93730
93732
93736
93737
28204
28205
28206
28208
93745
93744
28211
60991
60994
60995
93764
28231
61001
93771
61004
93777
28243
93780
28245
61023
93793
61027
93797
61030
28261
61033
93802
93803
61037
28274
93811
93813
93814
28281
93821
93825
28297
28298
61066
93837
93841
28306
28308
93845
61078
93846
93853
93854
28317
28327
93863
28334
93873
61112
93883
61116
93884
61119
61124
93895
61127
93896
93902
61140
28380
93917
28384
93923
28387
28390
61159
93926
93929
61165
61168
93940
28407
93958
61196
93967
93973
61205
28440
61214
61222
61224
61227
93998
94003
61235
94006
61242
28475
94012
61244
61248
94021
28488
94024
28491
61262
61272
28507
61277
28514
94055
28520
28521
28523
28526
28528
94065
94068
94069
28533
61307
61309
94079
28553
28556
61328
94100
61333
61334
94105
28575
28576
94111
61346
28578
61348
94121
94124
94126
28592
61361
94130
28597
28600
61371
94141
94143
94144
94146
28612
94153
28618
94155
94156
61387
94163
28631
94167
94170
94172
94173
94175
94176
94178
28644
94180
28658
61429
28669
28672
28675
28676
94214
94217
94219
61451
94223
28688
61458
61459
94228
94229
61462
28693
28703
94241
61474
28709
28712
61481
94257
28726
94267
61503
28735
28737
61514
61515
28746
61518
94286
94289
94297
61531
28766
94312
94314
94315
61547
28781
28780
94319
94320
61550
28786
94324
28789
61559
94327
94330
94331
61564
94333
28808
94351
28818
28819
28820
94357
28829
94367
61600
61602
28839
61607
94380
61614
94382
61617
94388
28853
61622
28856
61628
61632
61635
61637
61638
94412
94418
61652
28885
28889
94426
61660
61662
28894
28896
94432
94434
61664
28905
61677
28913
28914
61682
28919
94457
94460
28927
94464
94463
94465
28933
28936
28941
61709
28944
28948
61720
28952
61725
94494
94497
61730
61732
28971
61741
28974
28977
28981
28982
94520
28987
94525
61758
94526
28992
28994
94531
61764
61766
28998
61769
94538
94540
61773
94543
61779
61781
94553
29021
61791
94560
94562
29026
94566
61801
61804
94573
61811
29045
61814
61816
29057
94593
29059
61830
94599
61834
61835
61836
29073
94610
94611
61846
29088
94625
29106
94643
29109
61884
94653
29119
29120
61890
61892
61893
61897
61898
29131
94670
94671
29139
29141
61910
94683
29151
61924
94696
61929
61931
29168
94705
61936
94707
29171
94712
29177
94716
94717
61953
94723
94728
29194
94731
61964
94730
61968
29200
29201
29205
29209
61983
94753
61989
29221
29223
94760
94766
94769
94770
29234
29235
94773
29239
29240
29241
62010
94777
94781
62018
62021
29254
62028
29260
29261
94799
62032
62033
94801
29268
62037
29270
29276
62045
62046
94828
62061
94832
62068
62069
94839
94840
29305
62074
94844
94848
62080
29316
62085
62088
94857
29322
29321
29326
94865
62098
94866
62101
29333
29340
62109
29350
94887
94891
29356
29357
62128
62135
94908
62141
94912
94914
94915
62147
94916
62164
29398
62167
29399
94937
62170
94939
62168
29403
62174
29417
94953
29420
29426
29429
62202
62204
62210
94980
62212
62219
62221
94989
62227
29463
95000
95001
62232
62239
62247
95017
95026
29491
95028
95029
29494
29499
95035
95037
29503
62274
95045
62278
62277
95052
62284
62299
29540
62310
29542
62312
95078
62318
62319
95088
29556
95095
29560
29559
29562
95099
29566
62334
62337
62338
95110
95111
62347
29579
95119
62353
29586
95122
62359
95130
29598
95138
62370
62373
95142
95143
95151
95155
95158
62390
62403
62404
62406
29639
62409
95186
29653
29654
29655
62424
95201
29666
62436
95206
95213
95217
29682
95221
95223
62459
95227
95229
62460
95233
62468
29703
62473
62476
62481
62482
29714
62484
29719
62489
62490
29723
29725
95266
95267
62498
62501
29733
62504
62505
62512
29745
62516
62517
95288
62522
62525
62530
62532
95309
62541
95313
95314
62547
62552
95320
29787
95324
95327
62564
62567
29799
62572
95342
29809
62577
29814
62584
95354
62587
29819
29823
62594
95368
62601
29834
29837
95377
29852
62621
95393
95394
62628
29863
95400
62636
95406
95409
29876
95414
95415
62650
95423
62656
95425
62657
95424
62660
29894
62663
95436
95444
95445
29911
95448
95449
62681
62683
95452
95447
29922
95462
95470
29934
29936
95473
62706
29954
62723
29955
29957
62725
29956
62732
62733
62735
95507
62741
62744
29984
62753
62755
62758
62760
95530
95531
62762
29998
62767
95536
62769
30003
95541
95542
95543
62774
62776
95547
62784
62787
62789
62793
62794
30025
30028
62795
62800
62804
95573
30042
62814
95590
95591
62822
95595
30063
95600
95603
30068
95606
30072
95609
95610
95612
62845
62847
95615
95617
30082
30089
62858
30090
62860
95628
30094
95634
95636
30101
62870
30102
62883
95654
62888
30120
95659
95660
95668
62902
95671
30138
95676
62916
30149
62919
62928
62932
95701
95702
95708
30175
62944
95719
62953
30185
95728
30194
62966
62971
95740
62975
30208
30211
95747
30213
95750
95756
30225
63006
30242
30243
63012
30245
95780
63017
30260
95799
63034
95804
30271
63039
63044
95813
95814
63048
63051
63054
63058
30290
30291
63059
95831
95834
63068
95837
63074
63075
95846
30312
30313
95849
95851
63084
63081
30319
63088
95856
30324
30327
95868
63106
30338
95877
30344
95881
30346
95882
63114
63115
95892
30359
63130
30363
95900
30369
95905
30371
63152
63154
95923
63156
63158
63160
95930
30398
63166
30401
63169
30403
63175
63176
30411
63181
63184
30417
95953
30416
95956
63186
95958
30423
95959
30422
30431
63204
63207
95976
95978
30448
95987
95988
95990
30456
63225
30459
63231
63232
63235
63236
30470
63240
63244
63247
63250
30484
63254
30489
96027
63262
63263
30496
30495
96045
30514
63283
30521
30526
96063
30528
63310
96079
30550
96086
63322
96092
30559
30562
63331
30567
30568
30569
63336
63339
63345
96115
30583
30594
63367
96136
63372
63373
63374
30606
30609
96147
30614
63382
96152
63385
63389
30624
30630
30631
63402
30634
96172
63405
63410
63411
30644
96184
63417
96187
96189
96200
96204
63438
96207
63440
63443
63448
30680
96219
63455
30694
63463
63465
96235
30701
96238
63471
96241
96243
96244
30714
96259
30723
30725
30729
63504
96272
96273
30738
63510
63515
30754
96291
63536
96305
30769
30771
30772
30773
96310
96316
63551
96321
63560
63561
63563
63565
30798
63569
63570
30804
63574
96342
30808
63577
96349
63582
30820
30823
96360
30826
63597
30836
96375
63617
63618
63619
63622
63625
63634
30867
63645
30884
30887
63659
30898
30902
63672
63674
30910
96447
63683
63687
63691
30926
96462
63694
96465
30929
63700
96468
30937
30939
96479
30949
30950
63719
96488
30953
63722
96491
30954
96494
63728
96499
96501
30965
63739
96511
63749
96523
63757
63759
96532
63767
96536
63768
31000
63771
96542
63780
31014
63786
31019
63791
63793
96564
31029
96567
31033
96572
31036
63808
96584
96587
63821
96596
31063
96600
31068
96606
96607
96611
96613
96615
96619
31094
63862
63866
96638
31108
63884
31117
31118
31120
63890
96659
63897
96667
31137
96679
96680
31147
63919
63937
63939
96708
31174
31175
63944
63950
63958
31190
63962
31196
96735
63968
63970
63972
96741
63983
96759
63994
63996
31230
96768
31235
31238
96774
31240
96778
31244
31248
31249
96786
31252
96788
31254
31258
64029
96805
64037
31271
96808
96810
31275
64044
31282
64050
31286
96822
96827
96828
64060
64062
64065
64066
64067
96835
96838
31303
64072
64073
64071
64075
96840
31309
31310
64081
64083
96851
31319
96856
64089
96861
64095
96864
64096
96866
31332
96868
31333
31342
31351
31356
31357
64131
64132
64137
96906
31371
31376
31377
64144
31380
96917
64151
64152
31383
31386
64158
64160
64170
64174
64176
31409
96945
96946
64185
31418
96956
64192
64195
96965
96966
64199
96970
64203
96972
64204
96973
64202
96976
96979
64211
96981
31445
96983
64217
96986
31450
31449
64223
64224
64227
64229
64233
31468
64236
64240
31474
97014
31481
64253
64261
64267
31501
97039
31513
64283
97051
31521
97059
64294
31527
97066
31534
31541
64312
31544
31551
97090
97093
97094
64331
31568
31570
97108
97109
31587
64356
97127
64361
31594
64363
97131
64377
31617
31618
97157
64395
31641
64410
31643
97180
64411
64414
97181
97185
31651
31657
64427
31661
31662
97199
31665
64443
64447
64448
64449
31682
64451
64455
97227
97231
64465
31701
64470
64469
97242
64479
31711
97249
97248
64490
97264
31731
64500
31733
64503
31735
31740
97281
31747
31750
31752
97289
64522
31756
31757
64526
97299
97300
64533
64534
97303
31766
31770
64544
64546
97315
97320
97328
64563
31801
31802
64573
97344
64579
64581
31816
97356
64589
97359
97360
31829
97370
64611
97379
31845
97383
31852
97389
64621
31855
64623
31864
64632
97405
97414
64650
64652
97424
97428
97432
31897
64672
97444
31911
31912
97448
97452
64685
64687
64689
64692
64694
97467
31934
64705
64709
97478
97479
31943
97482
97485
31950
97496
64731
97500
64733
31966
97504
31969
64736
64742
97511
97515
97518
31987
97524
64756
31992
31994
32002
64774
32011
97547
97549
64783
64787
64790
64794
64798
64801
64802
64806
97574
32040
64809
32042
64813
64815
32051
64819
32052
32054
64825
64829
97600
64832
97612
97615
64849
97619
97620
97624
97625
32090
32092
64865
32098
97637
32105
97642
97641
64878
64880
97649
97650
64883
64884
32115
64890
32123
32125
64895
97668
32136
97675
97676
64912
97687
64920
32153
32162
32163
64933
32165
64937
32170
32171
32172
97710
32175
32178
64946
64948
64949
97717
97720
64955
97728
97733
32198
32199
97736
32201
97740
64973
97744
64980
97749
32214
97751
97752
32212
64987
97758
32223
64996
65001
32255
97792
97793
65031
97802
97803
65038
32276
97814
32280
65051
97820
65055
32293
65062
32294
65066
65072
32306
65076
97844
65078
97847
32314
97851
32318
65090
65093
32326
32327
65096
65100
97869
32335
97873
97874
65108
32343
65123
97893
32365
97902
97903
97906
65142
97915
32382
65152
65154
32390
65161
32398
32400
65170
65175
97945
65178
32413
97952
32417
65186
97961
97964
65197
65200
32432
97974
97976
32447
32450
65219
65218
65220
32455
32457
65227
32460
65231
97999
65232
98004
65237
98006
65239
98008
65249
32483
98019
65259
32491
65267
32500
65268
98038
65274
98043
32507
32513
65282
65285
32517
98057
65292
98062
32529
65299
32534
65304
32537
65305
32539
98076
65309
65310
32540
98079
32545
65314
65315
65313
32552
98089
98091
98093
98094
32561
65331
65333
32565
32566
98105
32570
98111
65349
32582
32584
65352
65358
98129
98133
98143
32607
65381
32620
65389
32631
98168
98170
98171
65403
98173
65407
32643
32644
32645
98190
32664
65436
65447
32680
32679
65452
98220
65456
98226
98227
98230
98231
65468
98237
32702
98236
32705
65475
32710
98248
32712
98252
98259
32724
98261
65493
65495
65506
65509
98277
32746
98286
32751
32752
65520
32754
32755
65522
65526
65528
65530
32763
32764
32767
