65537
40965
32774
24583
65556
90140
49183
81954
8227
8229
24624
49200
57394
59
49212
61
32831
8255
32834
71
8269
8271
80
73812
8279
82014
82015
65640
65641
8300
65646
24692
32885
73848
90235
8317
149
41110
32917
24739
41123
41128
41134
16558
82097
49330
65720
57535
73924
8392
32975
41175
82136
218
90331
16606
24803
49381
232
82156
57583
16624
73972
8437
41204
24823
65787
49404
82178
65806
276
57625
49441
90404
65829
24883
33079
24890
49467
82238
8518
8519
57678
90454
8537
90463
24930
65894
74086
65900
49517
41324
49519
24953
90498
74115
8588
57741
90517
90523
24993
41391
98735
443
25025
8653
25043
66010
57822
66019
41444
74218
57835
90610
49652
507
25087
25089
8708
49668
33291
98828
8718
49678
57873
57874
531
49686
8730
16940
66092
25132
41523
8759
16952
82490
98876
25148
82503
82511
41555
602
49756
25184
25187
66150
66154
25196
74348
33393
49782
82559
66179
41606
8842
74384
49809
656
33432
82594
58024
74410
17068
690
66228
696
17094
66246
33481
49866
25294
99033
25312
82657
748
99055
49906
99064
49927
25353
90890
66316
41741
17166
33578
49965
25391
58162
9012
66357
33595
9020
25408
66369
843
58197
9055
50017
74594
74596
50021
58214
50022
874
74606
41862
41867
58277
99239
945
948
66485
17333
58305
58307
66500
9156
66508
17357
66510
25552
9171
58325
74710
41950
99300
25575
58344
82924
58354
66547
9204
91133
25601
66563
58377
66576
99346
82965
33814
17429
99351
99357
91169
25634
58406
58410
58411
42030
17455
17456
50229
99382
1081
58427
33852
91204
33863
66633
91212
74830
1103
66640
83031
58465
58472
1131
50287
50290
74868
25719
50299
66698
74894
33936
91281
9361
66705
74901
17560
25758
99486
66724
1189
58535
17583
42162
1206
91335
33994
17611
25805
1231
99537
50386
83156
9428
83158
74967
91350
9441
91362
1255
50407
17641
34033
25842
58614
99579
91395
66819
83212
75021
25871
50449
83220
58644
9494
17691
83233
34086
17703
25906
66868
25909
66876
50494
34112
42311
91476
58716
75101
34143
75107
9573
58727
75116
50540
25966
75120
25975
9594
91517
75134
17794
50566
1423
50576
9620
99738
1435
99740
17821
26016
75174
42406
91568
50616
50619
26045
9665
67013
26053
75211
42445
58829
67023
50642
26068
17883
75227
91618
17891
50661
75238
34283
83438
34291
99828
26099
58875
17917
34304
34310
9736
91661
42509
17936
67094
67096
75289
75290
99867
67100
1561
75292
83483
26146
58915
26151
91687
91694
9779
91700
26166
42554
42557
42560
99905
99913
1612
34382
26193
67173
67174
1641
91763
50804
42617
42625
91779
75403
50832
9879
99992
67224
50847
59056
18101
1718
59064
75451
1725
1732
91848
50888
18130
91861
34520
91865
26328
75482
83685
67308
18158
9973
91902
18178
83717
75525
67336
83723
18188
67341
42767
91920
59152
34578
59160
59162
42780
83743
10023
91945
67373
1840
18224
83763
18237
51008
91980
18254
26451
91988
59222
75616
51044
75623
10088
59247
75642
42876
92031
67456
18316
51093
1944
59294
51109
1966
92092
10173
1985
26564
10191
42961
75732
83924
59352
67553
83941
75752
51180
10221
59374
2032
34802
92148
26614
42999
75771
51195
59392
75782
59399
83976
10249
26634
83981
34841
34844
92193
51242
92206
75827
92227
84042
75851
2124
43084
51287
34908
43116
75885
67723
34961
34965
18585
67739
84126
34975
84130
2213
26791
26801
34999
2235
35007
35013
18630
92362
59596
75981
26840
59609
84186
75995
92381
76008
92393
10475
26864
2289
18677
67830
18690
10504
92428
43279
43282
10518
67862
92442
92449
35112
92457
10544
92467
26933
2368
10560
10561
59720
35145
92493
2383
35158
59734
51544
35160
10592
35168
51557
76133
2407
84332
43378
10611
26995
10610
18810
51581
2430
43393
10626
51589
27013
2438
67984
76179
92563
59795
84373
59803
43425
68009
84395
84398
35257
68026
76223
59841
92610
76231
68042
43470
18907
35294
51678
59877
43496
10728
35314
59890
92670
84485
35341
2573
76310
35360
35362
2597
51750
59943
51754
10796
35381
51768
2620
35388
19013
68167
43592
10827
68171
2637
10834
92756
68180
43607
76380
43614
92767
76387
19045
92774
27239
68201
76395
19052
10866
43635
27252
76406
76414
19081
43664
92820
68245
19097
10905
76465
68280
68281
27326
10944
35525
51912
10957
51925
27359
51939
27366
92903
68334
19183
92916
2816
60164
43781
51975
2827
60179
76564
51993
35611
35618
76579
60196
68392
68400
2866
76594
2869
27446
27453
19262
76617
68427
60241
84820
52053
68438
84824
27488
2925
11119
68467
11124
27510
52091
76668
27519
11139
27529
2957
76686
11165
35743
60321
43939
93094
52135
43944
11174
27558
2997
52153
60346
27587
84932
84934
76748
76750
43985
35795
52184
68574
19424
19425
27618
11263
3072
11265
3077
60425
11279
27672
76826
93217
85029
35885
52274
3127
19512
76857
60477
60482
11333
85062
76871
35920
60515
11366
11369
44140
19569
44157
44171
19601
85137
68756
76949
93337
11422
19616
19619
68773
60582
27815
85160
36005
11449
52410
76989
44224
93398
77015
60631
85206
77020
19681
60643
68838
36072
11496
68847
60666
68859
68860
27900
44288
3328
52481
3335
77063
60687
52496
11548
19741
36127
3360
3359
3365
36133
52521
3373
27950
68911
19761
44345
19772
27974
85319
44359
27984
77137
11602
77145
52576
60780
77171
36215
93561
11641
85382
60808
77201
36247
11672
85405
52637
19873
93602
52644
77221
36265
11710
28101
77255
85448
19920
85463
11739
44519
52713
44522
11755
28140
60912
77301
69112
77306
44540
11773
69123
52739
60934
60940
3597
44559
36369
36375
11809
11811
44580
69157
93736
52780
28206
77366
36416
85578
20042
77388
28243
85587
61027
61030
3688
61033
36459
11884
11889
44661
3715
69255
3725
77458
85651
11924
77476
77483
3756
20140
11951
11955
69300
85710
44755
3801
3806
36578
12004
28390
36582
93929
12010
69354
44782
77555
28407
52990
52991
44799
44802
93958
53012
93973
28440
36632
44833
3876
12068
53033
93998
36658
3899
53056
85826
85840
53075
20312
36699
69473
3942
77678
77691
3970
44937
69514
85905
36756
3996
85919
4009
12207
77749
28600
44988
12225
12244
28631
94167
45020
77789
4064
12267
36855
20473
12291
28676
45065
94217
12302
4112
20502
77847
94241
61481
45099
12336
12337
86069
53303
45112
45115
12348
69693
61503
4161
53317
69705
61514
36941
20558
4177
45138
77905
36948
86121
61550
94324
53366
20598
94333
77955
28808
12429
28820
86172
28829
61600
86176
61602
20643
69804
53421
4270
12466
94388
53433
4287
61637
61638
86231
53469
78045
28896
4321
28919
78073
53497
45311
20739
20748
20759
61725
78115
78116
12580
69924
28977
37174
94520
4411
94531
61766
78156
86361
20827
94566
4460
94573
53616
70005
12662
37245
29057
29059
86404
4487
29073
78229
37270
20892
4509
29088
45482
4525
37302
12727
20919
70073
61884
12735
29119
45507
61898
78294
37340
12770
53732
12773
37349
61936
12786
53746
45556
53752
12794
94716
21001
29194
86539
61964
86562
53795
53800
94766
70199
37441
4673
21060
37445
4683
29260
29261
86618
86620
4703
70239
4708
4720
62074
94848
29316
21126
53895
45702
12945
94866
78487
21144
86680
70299
78500
21171
62135
62141
4801
70343
86728
45774
21199
29399
4826
62170
86749
4829
4839
86775
62202
78593
78612
21268
45847
37674
86828
4910
4914
13107
95035
70462
37703
45898
86866
54105
86876
13150
54115
86887
37740
70509
86895
21377
78728
86923
13199
37775
86928
95119
62359
45976
70556
95138
95142
95143
45994
95151
13235
95158
21433
13244
86978
5064
70604
70607
21456
37846
87000
62424
78811
78814
78815
95201
62436
54256
78834
37879
54264
62459
37885
54274
62468
29703
37899
87051
13326
5138
29714
70677
70680
78872
62490
37919
54304
37929
78892
29745
13365
21559
70712
62522
78907
78914
37959
70728
78919
37963
54351
70741
13399
87129
70748
37982
21603
54382
21618
21621
5245
13449
29837
54420
70816
38054
5306
13507
13509
70857
79050
95436
13522
70868
79061
79060
95445
46304
21731
21739
5360
38129
38132
21752
70906
21767
38153
70929
54549
38166
21781
38165
5400
29984
46371
46372
70948
21798
21805
29998
62767
95536
87347
70964
46389
79157
95543
21821
13641
38222
87384
71010
5489
95603
54646
38265
95609
38272
5519
30102
79259
62883
46503
95659
95660
5562
79297
21962
46541
62932
62944
95719
5608
5611
46576
46591
54783
71170
5640
22026
30225
79377
54804
87575
87576
54810
5661
87584
46627
63012
5667
79405
46639
79410
30260
38457
95804
22076
79422
5699
63048
22097
63058
87641
13914
95834
5724
13917
95837
63074
71271
13928
5738
54896
54898
46706
79479
38520
95877
13962
22162
22169
54937
38555
71326
79518
5792
46752
79523
30371
71333
54949
5801
79534
95930
22205
54974
30398
79549
63176
46796
5840
22225
46803
30431
87782
55022
5871
79598
71414
46840
46842
30459
71425
79618
5890
63247
63250
63254
55064
46877
71453
22302
87846
14120
79658
96045
14129
87858
22328
55102
14146
55107
46930
14162
55125
30550
14171
5987
38758
79719
30569
55149
38779
63374
46993
55200
30624
22441
63405
55215
87985
63411
6071
38839
87995
38848
79808
88003
79815
79817
14294
6105
30694
55272
88041
6124
55280
79861
30714
22528
96259
30725
88085
55326
55327
22561
47145
71726
96316
96321
71754
14413
30798
63574
79960
22617
55389
63582
71780
22631
47207
47211
47214
71793
47218
88180
79997
47235
55428
55432
80015
71826
30867
22676
30887
55470
6328
80062
71871
39105
88257
80070
55496
80074
63691
30926
14542
96465
96468
47323
30939
47324
6363
22752
55523
30949
80101
47337
47341
71919
96499
55539
88312
88313
39162
71932
55549
96511
71939
47366
6410
63759
71956
71967
47393
63780
88358
63793
14641
88373
31029
31036
88381
22846
63808
96584
47433
80202
72011
72016
88405
88406
55642
14686
6499
72041
47466
22894
55666
55669
39291
47494
63884
88461
31118
88468
72085
14749
39327
47525
47530
63919
88501
47542
39353
39354
22970
80317
80318
63944
14800
31190
31196
47595
88559
14838
96759
80375
72192
47621
80389
72201
96778
31244
39456
72226
55848
96808
23080
31275
23084
55852
64050
39474
14906
64062
72255
39487
6728
64073
6730
39499
14920
64081
55891
96851
39511
80472
64089
47712
88689
47735
23163
47743
64131
88715
6796
31376
64144
55959
80548
6823
55986
64185
47806
55999
80584
6858
96979
64211
31445
23256
23262
64227
72420
23270
39658
64236
56045
23288
31481
47866
15102
23303
88844
15119
72464
39696
80665
88858
97059
47909
23337
47915
80683
39728
31544
47931
39753
39755
80715
39763
39767
47965
39775
23391
15212
72563
88947
47991
47996
88961
88962
97157
15238
64395
7054
80785
56215
31641
15267
15270
31665
48050
39864
80825
7100
64449
72649
97227
39888
15312
72666
23515
31711
89060
23532
15347
31733
48119
15353
56320
80904
23562
7181
48142
80930
89134
72752
39991
31801
72764
64573
7230
48189
89152
56381
80967
31816
15439
89181
15455
80992
15465
31852
31855
15475
97405
56448
23688
89232
48274
81050
23713
89256
56497
40116
64694
81083
7356
40124
40130
64709
97482
89291
89292
31966
31969
15586
89317
72935
81134
15600
7412
81143
31994
23811
72963
7444
23834
23842
89388
15660
89391
7471
89397
23865
15674
89401
64832
40259
97620
73049
32090
64865
32098
48490
89453
64878
73083
64895
97668
81286
73104
56723
81299
32153
48550
64937
56751
32175
7602
81331
48565
97720
7609
73148
40388
73159
73163
97740
89551
56784
64980
64987
15845
40433
56817
89587
40439
73207
56829
32255
97792
56838
24078
15890
7701
48662
40473
97820
7710
15903
7713
24100
32294
65066
81454
7727
89651
65078
97847
32318
65090
7747
56907
65100
89683
65108
48731
73307
40541
97903
7805
48766
40575
7812
40580
16009
24203
40589
56978
24218
73370
73375
32417
40612
73385
48810
89770
7850
40619
32432
40626
32447
65218
32455
40651
73434
24294
7914
81644
73467
65282
57095
81674
48910
7952
89874
81692
7967
65313
48930
89897
98094
24367
57137
32561
89910
16186
57151
98111
24398
57168
24402
40790
81751
16226
73578
32620
89978
81787
32643
8075
49043
24475
81819
40863
32680
40874
65452
8108
16309
90039
32702
49103
73687
49113
49119
65506
8163
40931
98277
24550
16359
65520
32755
40953
32767
