51841
3345
15962
89928
67318
68298
74201
52086
55060
74725
22685
29836
56585
17851
62822
16365
79679
89189
9008
67138
92552
36376
99925
26463
20925
43787
8180
48337
94132
8592
24619
85457
22710
46953
50235
93019
46963
3143
84698
35781
36621
50531
3436
98140
84569
6702
67580
23538
16665
87380
76531
1427
27129
96269
86135
37296
74087
33386
26492
14465
22278
6790
97542
49330
76157
72016
94366
73271
58763
43223
16149
62148
30295
72312
56969
1969
57178
49438
99492
80945
24713
82540
84064
20893
67992
59328
26667
45963
24971
54208
57536
98217
22649
57917
9844
79559
74021
27210
88855
85545
78983
25716
95513
44520
16060
73234
2571
61317
51177
34379
78724
38755
88732
23999
43295
68807
13287
70538
67544
7147
49810
96304
16090
2050
81064
57387
79998
48809
62281
42213
52494
85071
57126
54199
1448
45165
14351
67256
67995
80636
7833
10955
96311
72168
29801
56669
1521
14850
65734
29294
68745
60420
99648
55378
98001
7246
77600
99496
68243
593
8359
95126
63091
28390
49151
14001
77169
77270
99423
72746
65636
71307
67989
96408
40624
77753
22263
93910
57105
48922
92977
48363
29350
65808
21742
4265
40438
3266
75976
2269
46246
33104
30484
99273
48952
56689
67333
23830
28482
27911
76320
92917
78023
71268
29955
80706
48342
49263
56406
3504
40333
49907
49273
31549
5114
61044
23267
66905
85714
69136
97735
93882
62718
50507
37892
3012
4450
74495
81035
90416
24722
93348
856
39343
15036
53335
39435
14044
33400
17596
42764
53529
90613
60720
28880
65013
82482
24199
17375
85885
37731
77414
12296
57441
36879
82447
75870
22942
99848
25665
47350
53616
88908
27513
56113
25243
35865
38204
85991
52844
95644
76460
86297
25526
11100
86679
71218
96172
92280
5107
79871
98650
74809
79592
72163
19207
69300
17564
47081
13662
27736
102
69668
96530
17374
13201
65371
39799
37825
60464
17582
90053
55934
99996
65898
27922
85251
97966
31930
27133
53239
86605
54953
29332
94525
27669
4715
43680
60040
62863
48053
51967
94514
44497
74800
23609
44518
4689
39659
50391
28282
97749
59372
99228
60920
71676
36223
7363
77496
95538
8556
21071
94011
82929
63116
23317
27163
7899
73128
68594
45704
39425
98109
74257
41719
81623
18610
63567
2509
33294
86465
7935
46515
11774
56133
97369
47675
75653
36671
8475
67067
1357
34589
74496
26585
35600
91634
83086
10867
27026
38626
49393
13304
47610
51987
64900
28187
14019
15041
53579
530
29
62157
76024
81294
54296
18880
75379
17871
12525
89421
31019
84699
8163
12044
25613
52453
19793
70941
50506
22807
87078
64825
99099
86785
56628
5526
58397
6386
35967
29830
71026
69690
43556
54017
78931
90214
38030
84129
57438
14687
70110
36982
6645
58429
52231
19405
86209
37146
93438
83834
64238
75461
21135
86818
18443
76495
91948
34483
40321
81183
5758
97622
54909
19533
55998
70503
29496
95380
96245
8782
79678
34535
21744
8156
46015
61716
38329
57801
29447
64870
7123
23980
87378
18190
58662
55979
72567
50032
78753
80571
26421
40785
51156
69197
54456
54411
48260
3858
95615
58306
19264
47237
85185
2370
47545
60750
89762
17262
82900
20739
82193
18548
29920
86453
82974
10864
48945
92786
73009
13577
93056
71035
47590
25037
33158
77082
15004
38871
17117
64083
5495
59742
41855
24707
31277
70330
42834
49088
32780
60263
9939
81747
76051
30287
104
21919
88827
55524
89676
12964
59307
17581
42370
88989
64370
3259
38275
18759
14199
91004
97567
11491
22940
16616
2716
43158
46103
4272
63686
3916
76003
51409
93263
44543
65140
10193
91560
71962
6059
60058
56996
14412
59533
57508
83325
39713
22386
29606
35216
97377
45081
44017
79080
1391
49620
33736
46970
13638
32366
12312
60377
41525
69504
99016
85738
94981
69897
60032
73081
32369
34027
19524
54825
17212
62582
52468
49162
29948
65979
52726
46315
9603
18903
36963
68927
2268
43473
72363
69563
61815
31576
913
50629
85877
56663
75092
55654
23979
15599
90511
98848
83800
88304
39984
82673
56234
92585
18810
41988
98078
28790
8474
69030
44467
12371
16645
38188
26800
46224
84430
8731
91987
32597
60815
60557
12401
19891
48370
16588
15814
67329
77863
17614
25548
77486
7421
40645
65928
43498
44801
95166
23418
46618
63279
32866
3251
63155
24320
91611
65825
5907
50887
10872
31156
49303
83473
81269
3000
26073
75027
59126
2954
540
50426
47887
47742
34436
83705
76982
76111
53705
43352
64944
20396
36275
8406
77140
2958
8697
14006
89251
62715
12487
98985
61403
4088
68379
44574
81196
55078
67695
34558
42412
68661
93293
30880
68702
52131
751
48367
14203
64300
48755
23338
614
52403
51766
33821
69495
37365
58223
48861
5725
82675
75305
46827
984
39815
66540
39381
23449
98554
45836
48679
3189
10572
3551
24129
61886
4172
3658
43816
38173
25116
65674
77516
30063
34582
52614
86204
48297
34405
36993
18622
44352
27613
10960
16993
77056
50889
8659
36299
58541
532
13752
71922
82971
18332
19510
36400
78328
92135
69698
48097
67774
77174
56687
87526
40020
19343
67994
88620
50808
98352
19275
29222
88444
76897
27292
29600
90645
57347
53613
92061
50336
91798
86308
32886
45794
57417
16008
26713
31730
89083
74682
69896
79555
21096
88907
95957
59304
53479
17227
59017
65362
24648
78285
83196
11045
85195
10474
2728
50471
13873
23297
1623
20604
46136
63035
44553
91297
13452
89341
86650
17221
76048
17197
15969
75963
55517
23422
12307
18312
450
95067
83303
19407
22739
69324
1938
27580
98785
28578
7191
58008
55015
10171
92156
99605
57228
17418
47664
5047
617
99829
92966
33950
28633
77948
77714
69247
56954
51096
50869
55480
50246
88143
62105
64415
29180
29788
71196
4236
34374
50423
68034
83910
79799
46912
34568
23117
62429
26767
37797
90941
28980
59692
66152
90562
72855
13137
94711
46846
25284
89212
13545
75562
30712
19669
56409
49601
66342
69405
81284
54128
19969
16178
65805
5988
68913
14456
20614
90969
56696
84506
46123
71155
37846
1566
18886
72352
36571
7639
67262
71664
59228
83290
58652
39336
27854
84636
46808
95058
44763
7934
1650
34103
38670
75240
74258
27318
78422
88819
62465
20423
61046
15410
1353
41300
64456
11208
66129
42113
51934
41429
91027
8830
35140
31362
1970
91571
73523
69691
69500
90160
55574
95741
57295
20686
