99946
93795
95119
77909
96099
8987
84185
62674
66721
1413
14039
6073
68528
67679
34660
76009
88370
70473
40586
82083
80181
1455
13219
22427
33206
33587
47751
46082
30368
33664
80416
23528
42158
51954
17478
54697
24232
45389
99882
33191
55049
59002
23805
87333
64058
38421
10458
50638
57482
77768
51213
94805
5543
40570
40870
67051
93544
90419
64550
13917
50331
43630
90318
17956
98535
61595
9535
23329
64580
91042
47759
15858
10733
83253
41593
62121
49523
99294
35243
28814
5240
29974
79713
277
22582
12432
71842
94475
38197
54045
66261
97818
26551
77294
91928
83956
30852
68213
79631
95599
5783
18421
98505
4791
84781
66046
34004
90786
2254
20534
61913
57785
11309
1218
84919
18947
90774
52041
24781
88200
60481
13223
73969
34962
54606
11741
56774
25639
35014
27155
14083
90829
18592
56682
26922
1099
64426
11724
6135
13358
84706
28802
24049
97277
84914
63977
60200
30902
36346
55288
94081
7474
83388
90631
88961
78439
98994
32117
12197
95823
44092
36184
81775
37623
90242
34630
96912
77652
57095
35622
68602
64730
29864
94302
56559
97119
38949
41805
4852
52858
88780
1672
17991
10663
5539
36350
29243
81348
44921
98034
18521
42506
66865
66773
30170
18129
13557
59614
41358
19149
60927
63171
29033
39182
79250
38299
64266
62896
86882
72993
70325
69569
6007
89285
66119
18318
93934
96041
43644
27219
89624
58456
95420
40813
23505
77373
96954
93362
36331
5833
74396
27639
38795
21799
63135
89304
38824
90203
90107
83802
24498
25395
19107
95294
98393
28759
8705
96767
51542
47118
11733
51460
98435
2714
60154
42971
13695
21499
4514
43839
45893
17740
11323
64208
87694
46437
59790
42662
29753
10317
9537
66600
87707
91587
92110
41540
74224
53763
56725
81367
83154
12807
51755
43823
88103
18660
64709
32464
76993
41785
65413
50884
37302
66815
81805
69363
88131
26709
64228
74581
29132
4339
4612
5944
57647
68477
23603
70185
57954
72781
62520
10596
148
62278
24896
93050
27355
90827
80846
18040
31571
99898
34485
78053
94654
53464
63875
87487
9957
10545
33723
31426
99459
6323
43151
15502
40434
66701
46523
50013
67474
37178
49805
86171
50489
61145
30872
2647
33259
15380
32576
65595
28601
18739
30177
82113
68025
66390
8915
32064
98215
35759
47112
19604
70328
38125
22234
96145
88113
98792
57928
99159
51009
79929
63774
76714
31304
49930
94040
16560
80774
25087
20070
54749
30142
38503
67899
45529
3196
48871
54852
50525
60649
63843
78997
98264
5208
52645
21091
35874
53288
63970
85366
77581
22604
27514
98017
12606
63204
12084
43004
77777
31321
58568
92177
82948
4630
38893
82364
9320
28967
43775
67748
87299
74882
24659
55739
51105
80331
59508
35835
95352
81000
64728
67840
74802
22143
67791
60504
53243
87184
61305
8183
66552
93373
6736
90586
64471
77875
22786
79224
36809
36515
32555
35749
85730
69231
5123
78421
37326
65895
11702
51602
93432
11900
27309
75194
99354
65110
51160
15537
96280
65513
74964
43841
45838
91168
74052
30662
45495
52115
35435
19872
89276
77726
93267
36609
64276
10210
14342
10298
77874
74468
53576
30323
81585
15999
43615
33650
33349
5460
19559
54285
97706
29594
24325
82297
52140
75722
16581
64047
97081
35160
30365
30635
47175
23196
8661
12536
25832
45731
41071
64678
16946
66628
91750
46855
6462
49554
1891
52946
54190
82165
59752
13482
41602
77607
41122
93790
94156
1594
65762
21717
95703
61958
47763
76744
86974
89275
87859
40406
74057
91811
71994
58899
90736
88823
16463
51188
7869
45026
59118
40345
63323
96337
19670
53861
59551
78166
16608
60856
36364
63841
91084
27064
5017
97653
72185
94085
64009
25406
7025
83648
80773
68526
47077
26691
65785
35201
59393
62780
42698
19814
37832
86975
68990
32984
57474
14404
54743
73585
58243
20502
59419
29749
22201
86201
13485
81328
2429
98085
12061
11751
37169
39019
4513
88809
86458
95714
50479
17487
24335
35464
58831
24769
92749
59561
73333
78577
27964
10541
82703
77070
9668
89303
90041
9574
41611
15176
62521
75067
89312
61954
66990
45653
41616
64200
60264
37923
56681
1223
61286
4794
48162
80956
32270
47205
8371
29556
30204
7890
19164
43064
24378
37985
94697
77754
2330
33498
97668
75629
1206
37373
51713
62830
81369
65983
37817
49399
4237
76652
39179
75682
64255
17306
18953
76686
57570
89498
84213
69467
51812
6310
65799
44917
988
5185
9643
76275
24262
11373
38163
84373
2108
97931
67282
20792
68597
55410
40131
23114
80963
17738
17889
89188
20555
8643
44929
59779
14457
30881
12290
10723
56453
10344
62010
49644
24737
50677
2086
22024
57576
32933
69781
24576
78344
63857
74937
2550
38519
33884
28539
97480
4376
99830
42021
19314
33682
57211
19674
83764
85790
33310
13314
90377
85711
94519
391
58342
75753
88484
52059
46628
60575
69314
10133
63120
80054
43717
10593
11736
2140
49932
81928
84635
5941
27238
59138
44347
7970
9682
60402
46631
22801
74534
95693
74532
32176
41721
78288
44577
21345
23954
99241
87503
62124
43593
15697
67629
44042
47537
42631
94624
63466
26557
99076
86929
33283
42271
56387
99191
25519
51583
43298
7661
16775
82576
13622
96274
32812
22254
26431
49350
80271
88760
43523
30785
17025
94186
25833
89951
37062
37533
89946
84907
57852
34603
57992
65688
44776
4288
6511
48038
85938
7714
41378
64244
96757
96221
41308
77245
76802
59243
12345
21840
26905
81610
86763
65988
7852
14741
7096
64211
35384
62589
68866
82834
74249
81263
34688
62957
56340
20722
62313
5487
92501
54058
10147
20661
56215
54459
65716
15291
93604
81135
16452
88090
2769
48016
62006
64956
7929
94029
91179
57414
78593
4446
78301
88511
16928
8376
90520
69972
78526
48634
63357
60515
76483
87068
21626
84122
521
48135
77164
74472
93907
73601
72664
37329
54822
45857
82441
84058
88572
33120
37210
41807
21980
3622
13286
91570
28978
97129
90255
21927
48726
53282
7584
24880
71251
48615
9662
70673
50849
12939
38800
15864
33478
13193
66027
19137
98349
93520
94509
93296
78136
39866
33490
43248
95029
32735
10619
57780
7182
86489
53461
57978
6621
55870
43754
73456
57461
1118
30862
32077
99479
83942
37976
68385
80514
50418
38296
23241
70852
97464
85681
88694
19594
10025
63940
10792
99696
12908
55362
54007
17957
97920
22619
89920
55686
