30653
47486
28362
52547
76677
4690
28421
50998
74738
99823
30896
67044
81851
55270
89057
82453
76138
38379
73453
48109
52594
2315
22516
3935
97476
20742
41448
76901
74368
55287
16329
90527
26846
34104
6718
30903
36988
78349
25332
41247
4838
79400
88244
10519
52132
26038
45883
43466
8942
83258
86221
3944
82697
64322
47176
19728
74127
14082
38559
11488
29103
78257
60309
98671
5555
13778
45959
59676
56962
2775
43866
47557
56152
36059
79011
27843
39628
38294
70252
42417
79042
7734
81783
22010
76344
78295
61727
52585
42066
71817
13329
4781
81229
40253
98153
60926
71859
6026
10164
21215
36314
55755
14990
19211
41722
62330
33303
99693
65123
5301
93326
40365
58863
65462
97628
32016
53230
48104
59654
80747
19310
50094
28677
87225
84428
62060
78239
9667
64388
61748
20971
23912
80179
36369
64555
9144
99359
23261
53300
88912
32061
78678
46447
14524
39353
95800
69767
13908
52773
45160
34662
2730
36513
95933
1724
75199
81241
21922
40379
81591
35168
66193
68138
84628
55540
33422
82224
84460
16636
25915
28650
63682
96866
30855
7760
60625
25990
48113
57772
25060
65338
85372
34453
24439
35846
83614
18056
55158
78569
17334
38320
99342
71527
60211
12014
48489
3735
80036
6990
41929
10452
66764
12414
35797
52836
88017
89970
27875
82023
76889
24916
58983
71368
78236
93283
29044
92357
59411
32781
65647
36876
4003
62115
82654
28235
28996
74054
70891
95021
17676
6746
90055
30655
51164
73612
78227
56627
80105
11443
25698
30669
26680
51879
89066
27019
17736
41123
33853
90773
88936
36816
38810
35279
82659
30346
99200
67494
46366
21048
44720
92843
92861
81292
84055
38043
13920
63259
56321
86869
1397
15963
96891
29679
62590
74196
7106
17735
76867
90766
40627
85607
70535
67315
59155
16190
56063
97324
69334
41129
80382
27907
24789
17666
73233
79743
12178
12652
31969
13308
82263
65519
75678
4510
86498
60227
80201
88421
42324
13115
15246
73975
8055
76097
99510
32169
98917
51147
51398
62002
25635
80057
4721
68288
13456
29653
49166
12207
12566
96588
54009
61587
56181
87300
94887
79851
95203
28933
64968
84321
36603
86480
37185
78597
36747
61957
5024
31971
15498
4547
28014
79685
59520
83322
9460
13601
83037
88753
38608
72391
79022
2634
57274
82189
95548
66301
96064
1857
18111
76950
93967
4216
79051
65673
81428
24029
52096
42313
93416
72349
93557
11177
58857
30394
29135
9271
58057
38812
26500
22636
82644
51358
45140
12434
69914
53389
15956
55877
41276
10789
15923
23155
15029
23846
89837
48756
73896
50289
57376
34658
90102
24389
69731
69464
40699
97052
33006
30205
95306
85674
76893
21221
67780
30802
19818
22776
51309
79811
83324
22939
87787
7475
33211
75314
61092
48692
24575
29256
93616
89761
61144
49164
14353
79989
94618
83634
21569
27086
17585
50266
26861
35682
27450
40106
38247
44322
44782
9119
15462
10401
18942
11430
88419
78054
80971
72573
759
75978
46622
91122
14631
38554
7889
92617
16038
81933
82604
4493
67158
72585
12364
2005
20560
16558
13479
24014
77342
11756
45868
48248
74661
86688
89464
19119
77517
10284
32829
90271
22533
86114
57160
75333
93390
20734
80558
13486
33367
99854
58581
40228
80258
5192
37706
40092
90424
21026
65858
28586
57876
51363
39931
10435
10997
82007
55400
33576
25709
92841
79057
48923
27394
8991
32358
93683
94677
60033
13300
96723
37931
20468
59312
7034
92602
18999
76213
43887
25780
97695
4804
56479
70638
19110
85126
92807
22409
49827
7696
30949
68269
52958
55776
965
2066
602
43911
4321
47356
53162
44211
21680
53107
11404
44767
15131
9176
73354
85120
1182
53833
82369
44601
62808
65347
50897
25870
25162
28085
58048
88221
61476
9344
24642
26581
73520
90301
77826
87372
43209
6785
13900
15437
3586
75380
1279
84984
19020
31851
1844
97638
80797
76931
97212
62669
98970
8045
42563
66118
23429
66268
42720
87285
28574
74240
5726
2142
46995
82768
28913
12791
85504
85502
35828
12796
93217
28691
22162
65809
83948
64654
8075
56496
4079
39921
18236
46031
18486
35716
7944
4699
15944
13512
45314
61278
56275
91984
31098
71103
23128
51078
86231
36560
21067
62714
30422
29319
55011
64643
84979
43130
75178
13465
36724
68424
1647
79900
77560
74519
83482
93519
21414
77506
77724
12340
97245
25171
94095
28396
19292
29279
42342
21309
47506
24257
83591
96520
41101
57889
1652
35091
58282
6867
17485
7761
21709
16783
54712
2952
3182
25451
87301
86012
39878
73525
53672
77809
80230
79094
832
83060
32960
67646
34802
447
3692
43826
42856
644
88350
52149
80685
62508
27923
70965
41399
70810
83455
47460
3005
86603
90295
39646
84895
74980
5394
6797
72865
18948
18117
76318
46553
61687
22628
54876
73885
23346
4881
98124
96178
53303
73224
15803
70566
15827
57291
46471
93439
19214
71659
14027
64755
43684
65995
67985
50117
69063
59529
7832
58901
47161
38525
4665
17720
86461
52089
1541
45793
91200
73484
28170
42490
27062
94502
78203
42350
83049
41759
16201
83671
73262
71853
88985
73904
41041
55198
14337
92514
86050
47422
38003
14744
83484
24070
42606
86291
12943
82467
91945
74777
44988
19423
85581
73001
34566
6088
97446
91161
98655
38738
40547
470
89996
42195
87476
87977
64074
2430
38640
79670
9305
10100
22046
44743
10107
7385
441
37772
47689
8131
52084
20747
83977
71746
93188
91364
47454
64230
59952
1755
8802
84409
70521
51427
29878
36383
96722
26831
69940
76096
33854
69646
2621
69032
24064
71848
31992
29327
65342
90020
90430
65283
20883
75838
91860
43015
34344
72636
25089
64282
21693
65440
87070
14970
46609
57879
78917
35250
89316
88292
77680
95035
53495
23599
66727
49880
53494
91826
18054
14140
58681
56367
71095
47467
83783
45644
93386
45468
20071
51041
13989
28474
54679
17161
51092
96029
3399
92329
96426
18168
45982
15340
74035
61750
52917
73917
1363
81354
80281
17363
81586
92688
28918
40306
53569
85088
39244
63562
66612
53641
10765
45118
14261
93636
57177
21329
14498
44246
64034
24177
70872
97003
96827
65573
84631
58932
9409
85042
73502
1018
3511
23986
56497
37125
10101
69416
93100
17471
14393
37917
38679
68297
36946
92493
77058
18605
27796
43875
46254
61208
73522
30242
62179
65828
90605
3790
79107
8476
67195
17402
54027
7597
44122
