2095
25974
20114
73004
7209
74636
73639
64250
12346
88891
34239
80711
28106
12298
43852
31952
67243
6463
28636
19741
81491
42255
35913
77844
87743
97011
25238
82273
24034
34130
92398
4135
30303
95815
28746
45227
35966
90457
85107
23286
90915
48269
55350
97929
38577
67567
200
27936
4891
7665
86229
36652
5229
33940
20579
49724
19641
68373
71703
62620
99266
53089
53212
27423
78905
62154
47172
62499
53647
45946
30848
38118
88614
89584
59532
12508
75930
47116
81466
72216
55438
69806
52793
39879
30483
84965
99084
91104
95307
33152
28862
90947
40065
17199
46699
73649
13463
50813
20573
52883
50409
53832
43390
41436
50218
53673
11956
80506
98525
23903
64106
66639
57608
22163
70770
20170
56852
7640
67725
73210
7159
31255
84874
1336
94917
67859
58076
99743
41700
2663
35693
74965
86491
87489
2527
98690
96045
61731
66827
13439
85748
2512
86111
68457
94041
10038
48388
7428
18382
65756
15505
38619
300
45615
45624
29437
15273
51541
80831
37094
88374
98103
36717
94679
26351
83506
78627
91299
369
9902
88603
50552
58659
74329
89984
78547
6706
72978
43450
89293
18690
50386
53369
17179
49799
70931
91506
8102
32754
99514
50420
14938
37999
71144
42597
33542
47899
84806
27732
43131
14130
13956
10326
61029
22624
503
56738
35096
82377
79562
88616
75385
71596
94014
92236
27333
66409
16423
24519
21577
55740
72498
13549
30094
16368
78440
99852
14525
70808
65804
44955
59003
44773
41570
78389
74940
60125
85539
52777
79257
21040
84393
72104
468
65737
69993
69821
63238
3449
91156
4662
61615
23251
30256
79574
45330
26475
93210
72913
91534
66710
35768
77898
37117
79955
55557
8211
42445
10138
74483
89017
15618
68031
58625
4873
10402
704
32905
90994
71351
89708
59745
19954
73150
99974
56251
91670
75601
71230
91689
2594
16036
13592
2819
84426
41051
56787
40133
31731
95167
67644
24653
8206
16642
57263
55016
45543
30613
33024
17266
80906
35666
28198
58159
14377
51862
4202
27016
96463
75644
43850
74422
3969
1350
43121
62537
92808
50292
66450
38246
707
27140
18078
37026
93042
1804
77796
35994
80221
25339
26216
45270
63452
49674
76171
47708
11095
11613
70092
92078
61026
57575
86128
68461
45361
26414
20098
47380
10641
47461
19201
15430
14691
14065
67361
67007
23150
18984
25484
3177
9804
40605
89773
19720
62621
47798
40951
99664
7144
29570
99758
4509
68423
784
55470
2662
48005
86757
60768
50216
45295
73673
54864
41797
33732
91864
94567
9546
22422
49793
6857
36506
80388
47239
56164
64382
16214
27779
29399
45115
9696
20757
12539
56686
32622
88733
36880
89536
71507
33439
31920
23050
53899
8580
22274
87179
58536
58074
22361
74582
61409
18782
16076
49038
9738
29529
70875
84278
91838
31020
70907
72183
98854
9548
33399
85399
26862
21286
28712
61846
47658
90127
16995
8270
81670
37059
5668
43183
43703
67692
5680
20429
69695
15266
6215
16500
51030
3142
3510
70277
4481
85323
60118
10022
89455
12238
39863
3516
82432
17080
70283
30954
55383
30968
2002
97162
55421
59007
66298
30952
50785
73385
86513
49486
82564
96839
69401
5544
61333
9759
93741
29345
16212
69191
57169
23960
52110
23292
50566
20359
39738
2736
34351
2875
16205
99938
30992
34191
36646
54699
44911
85202
88738
79428
94064
67716
28234
43272
84221
95000
11637
15521
98512
32140
63716
57830
63328
21001
49727
45813
99211
33752
60858
23889
62189
16489
36490
53653
33648
13807
98980
92310
22566
68347
12843
57998
71847
16730
62226
73867
30979
83569
86409
30768
7110
98389
45494
4464
25872
58913
65668
52458
83810
28406
24883
88136
1592
63545
69965
57984
76206
78603
99688
28674
89990
63929
60047
57832
77612
47774
77501
39492
16049
15091
54960
21239
72101
18059
49394
63151
1581
40749
2447
74924
38084
4607
58842
91496
44269
45217
1855
79463
12115
43042
43987
4780
56797
20974
90954
14556
49754
19686
92069
8617
74345
24058
11712
49823
23204
75445
60283
63457
55066
9312
45006
88280
7721
43165
81719
55333
92611
16259
72218
2220
1576
87307
6178
19844
96737
67434
43789
43464
98964
22700
96419
95001
65843
75576
95768
23402
1990
15350
14817
24157
70939
5897
4160
19750
7234
87256
53085
48647
25977
76907
35914
82284
83187
31573
50414
31790
30384
22297
99033
70636
94582
55215
6004
45466
10505
90029
2394
95218
43638
62632
9976
95112
50549
48867
55506
7843
17842
99188
31111
64328
60864
33904
17468
51266
7291
4358
17200
98864
97535
69408
22299
90486
72800
20670
70644
35960
99006
49453
32336
31566
77671
70389
78831
86385
77280
14743
34819
69413
80814
71466
43347
39849
23890
7747
97687
66297
55405
64512
80008
80990
95679
59477
43853
41621
93057
65860
96780
12997
68
10604
57428
59415
87956
18641
73654
681
64486
92772
4935
21756
13305
53161
24990
63435
28051
33717
70992
50463
18017
69730
70938
58355
65732
66187
1714
53302
50040
83464
43868
58624
84966
52172
51915
67371
73165
63587
75197
57021
49882
51372
54011
1409
30324
57349
47096
83526
177
14965
25973
92983
48643
21421
4814
57281
44160
70338
36524
54006
32282
46078
8875
9024
41469
25301
82152
49769
85755
45088
41687
35549
1055
71420
64515
84057
70226
71973
36770
70259
17456
53803
87507
85371
79138
40188
49665
71515
89755
63527
2060
62888
83665
89910
10486
79119
14768
84154
2169
10744
2698
16561
29026
10582
89357
21760
48798
11795
66378
7051
95787
94495
7068
96927
62897
84016
37090
59056
87063
95528
21422
46958
52877
52880
7322
67271
96007
89184
84282
48761
28529
43155
36087
47229
87759
83433
23183
61531
79755
48563
72123
98464
34565
28507
61551
2907
60960
51892
46496
87422
57760
96347
34975
71186
91137
34254
42091
35491
24471
55401
36994
36519
20328
30676
30784
90826
27702
69566
63811
3624
8607
88488
33019
59218
27894
8865
803
80860
56698
30582
82155
30942
57384
86795
17175
44194
30145
69558
35099
81695
13246
20043
87358
96594
76165
47387
48804
16617
28031
66055
69590
82327
93575
44554
40728
98765
8155
95587
58956
24198
11116
3664
38832
11144
86827
6397
10671
99733
8014
78392
78387
53525
12664
82762
88423
37911
30435
82927
49893
20318
93410
31759
94490
32626
18527
27793
62490
50826
73436
40029
27588
64689
64389
63397
97698
71771
19798
76269
