84146
18275
53025
11699
74523
26969
61348
42793
75312
54530
89482
32802
26156
31470
8261
70949
15256
61565
63433
58308
66997
2510
40210
57877
38524
23643
69642
40155
87259
93079
18363
99263
91167
7358
50076
44451
7228
50653
73538
58090
90722
60471
18616
99282
96450
46409
32840
21315
42948
83039
6673
68378
33264
42733
25374
44356
1345
72809
45977
6661
28144
22070
613
43159
17063
34828
10911
7981
82499
11871
67959
3002
1595
45220
29988
77139
53649
30491
60304
97428
24720
37748
43588
99931
22129
40085
99764
94945
93546
25193
32037
30117
85958
40830
62240
31103
64640
38286
40552
98833
37578
27190
76534
73752
16687
37174
77291
6287
70475
48824
14255
36120
96904
72510
33222
78772
44020
16270
12322
8151
11895
49134
47155
48495
84704
38469
92509
20860
13055
13782
63341
6195
96405
9440
42774
40224
61645
86060
96150
90236
85112
81259
50600
46544
46772
4341
87837
73604
42303
37593
70534
3319
66751
85688
97906
99597
18557
47304
48533
6515
66684
31722
74311
41952
90809
6829
33180
92561
46796
65022
12106
75572
25112
79921
28892
96177
12344
34428
27800
40799
8672
14638
63532
63037
49964
53986
84713
14158
96437
62966
99047
53591
96357
98138
82618
2910
24188
92888
97496
61630
43579
20081
49277
42117
5160
62101
90283
20648
36983
70477
43218
42320
96987
30663
8315
23543
67448
27435
28966
68318
22408
48213
34674
11816
28962
98172
42501
56841
35078
28864
13282
20274
29775
2164
13336
90178
15128
29486
42514
84867
65524
21173
74928
62274
63240
89398
17256
37732
76629
38867
35195
18042
69684
59815
21542
95523
87818
62293
94389
83336
38154
77298
74711
65887
51386
10275
9968
63487
60449
68559
69102
77808
37325
21947
92754
25023
96979
38662
72279
83302
29471
33242
64341
9259
36222
67467
12363
24453
52233
84556
84295
29020
65526
31664
36593
32523
61272
78583
72760
21408
72721
76030
78198
9474
75127
68981
97492
33509
71755
49693
2306
76970
13648
61343
45020
78224
17191
15224
50229
35412
35973
56049
90452
49371
42067
56374
27061
1144
19298
52164
47691
82414
12433
41940
89404
44080
25628
31839
58696
9260
49748
55107
6126
96962
50953
12328
41061
7946
73423
7793
59346
79077
77471
57768
63356
22957
27507
6303
46811
67503
74821
76762
75023
14231
73530
5507
70435
4303
81974
69888
77778
79273
38851
31817
90280
86691
33937
10838
7047
57106
84525
48745
2335
88179
17915
33029
74433
53135
24
42900
94721
38534
4574
29198
41516
26660
33759
84368
70039
64112
97635
75373
79931
59514
29028
17549
83521
76187
48252
71094
22215
86778
45229
52185
16103
4334
93242
79039
84702
13913
80387
19028
66379
4790
19383
70526
19442
28735
15632
13261
47836
22242
76382
60480
99645
7164
67991
20152
35623
82259
74271
73571
71614
76249
78240
41273
30981
84352
90752
49570
50090
92287
51048
78261
33572
98932
47231
49928
6516
56487
49913
67426
84850
38239
41198
90010
73661
92680
95688
78965
69923
97110
34623
83941
13004
93767
89855
62682
24843
38066
43369
89364
98319
36739
62348
90148
65746
90065
35387
60565
74466
47561
8820
60490
88499
22830
5275
68813
24823
20088
38882
9248
35774
88452
70307
32278
51288
43996
42028
34357
54439
46161
94707
41118
99136
4641
12370
46069
15818
87986
99506
46529
26878
35897
69326
56641
9601
74401
46000
37900
32036
95864
14866
60620
64380
79409
32748
37845
25838
63407
28286
33849
10377
1102
74449
50074
71
46229
62035
33597
85080
49825
78689
76579
98966
40888
71373
83205
46264
69812
24743
11150
69651
36108
20034
3140
11771
29037
80303
23464
96776
99051
25486
60752
55336
44453
48724
39260
44066
62050
52970
81595
87221
69230
89401
11907
92727
90372
38548
42278
10465
62219
14292
36272
30434
14588
77354
35174
50310
4806
89277
3390
85291
88542
89734
21043
98595
5775
44434
19073
15768
73862
27995
17873
2377
78616
80943
76775
30706
96638
41900
95011
86502
62239
8570
48118
36372
71609
8768
45559
21501
13970
19574
46614
79135
34527
95998
47292
14863
69364
24868
26855
42523
22155
94219
32656
64453
56349
96449
2243
89305
44441
2058
12478
44748
51639
57033
81752
51478
84256
51732
14689
52186
59216
79500
98603
73069
48879
11530
27817
49883
54072
11415
75846
51714
59322
87279
52762
78849
11806
8824
15197
49831
11945
93628
27982
27787
97532
11093
94046
54275
9637
97580
90064
67721
3931
93980
44476
67034
80113
50478
45312
77902
65245
35514
75505
45393
93944
44846
83300
73358
82642
49635
93622
42246
43962
70685
84997
81518
61253
34904
8598
54854
65465
80810
86972
66730
11940
67221
61282
15017
7739
51914
24660
72586
56558
6197
21383
67834
68150
33760
62744
38052
77917
23649
68989
6403
81437
88086
98361
3322
12493
91585
39239
62478
33370
55723
25772
63997
74663
88794
95186
43276
24120
94558
63198
94160
52940
58039
10510
45840
76929
41694
289
2078
63096
90049
4116
17999
77963
75586
69607
99024
95407
20131
75235
49937
63517
24156
31366
75328
7293
10000
72868
49867
38094
21436
10105
21538
96868
29048
13569
61181
40423
57479
73837
93854
45683
82597
17931
74382
74535
2283
884
69202
72446
72819
19996
66759
25370
35820
47940
39478
59682
49602
21823
78487
51554
86189
12442
14549
68734
71534
39946
92714
48693
59591
46822
8001
76596
78728
10123
60846
44064
51298
23509
85562
73777
6071
45654
80688
56550
63163
93254
88099
28192
13146
95628
24668
24825
74344
1896
24585
82666
26716
73796
92169
48768
33102
61847
58838
49708
78596
71695
18157
55403
60580
44795
65319
45628
52746
18581
2612
46708
42343
7916
38716
92087
8016
39750
48882
80748
87190
8745
93347
11571
78610
23688
92771
17474
41641
82321
36406
95856
29651
24449
74718
71406
4045
13597
13435
79352
19054
37806
85605
8473
2821
47087
93036
95830
8478
36016
62801
49108
45660
46491
84195
82502
33889
17850
71685
22123
44535
64071
92639
74913
68836
12765
68199
84390
86319
11263
46789
38887
9411
81032
36957
91227
2279
24740
52548
98002
54088
78960
51829
42296
69523
29767
77003
68621
6083
50829
69478
42079
5714
15028
1625
30241
6648
57562
89476
20780
49366
41347
8888
84379
40460
44249
80143
96174
53967
23386
1308
58859
86844
87205
88023
30123
28142
94515
32068
3369
20449
27721
152
49125
36178
24458
12256
34944
