39121
97812
47783
60913
59427
80522
10691
50069
26336
72262
48421
99930
85634
46116
65191
12683
49847
68899
64740
71223
97115
32285
73482
64762
29979
41253
86948
9018
56015
13745
57081
57068
61540
93525
85062
56867
70131
81604
79943
30894
61326
78191
79221
21339
47663
18136
13793
26734
90066
17867
45799
65656
13655
71385
83266
90143
14843
82702
63669
27138
68367
2909
40877
73966
72058
57306
23065
40532
3681
29144
46563
19823
29147
93094
53199
13438
38186
39885
68323
57945
53752
18196
24126
88964
48092
14243
40479
33409
38657
67688
4342
58124
84069
95063
66863
62655
58949
37622
52967
19004
36080
97294
522
47991
13205
70075
31469
96615
61868
44815
81553
6072
43585
4352
59890
22402
98893
33626
92158
49113
30897
13405
32991
71574
45514
34617
34671
56155
69553
239
13676
607
98137
20260
66874
63863
19059
47597
41089
29221
19593
81643
94888
29989
97079
69894
7618
84339
78055
958
70866
42952
58877
88004
15908
8612
99426
54990
12284
34168
31742
14759
99772
27840
57846
68765
1335
67390
27272
93836
29200
80263
13498
20635
84663
52632
45825
14975
58578
96370
7239
52761
24573
3450
51411
97767
25601
28447
26533
17580
23730
24524
4459
233
62367
97796
62327
31650
9743
60814
36790
55838
58743
61281
24549
56715
95549
93319
43185
30122
23271
9395
66089
18625
941
82902
15166
55399
88372
86064
70152
3351
47743
97331
44179
57322
36685
7399
90906
19168
72230
80880
23838
45137
42979
75609
78807
85708
24330
80372
29405
42465
78307
4827
60859
23855
586
17844
48738
27484
33461
42931
41294
58385
73772
68309
33598
24620
4105
26571
62031
43357
70115
24496
41008
18526
47593
65692
64919
67817
61910
1517
36689
86790
92914
70206
364
96886
73236
96522
5064
8266
99943
47807
3060
93268
63974
81100
28022
98331
90811
70500
89466
54328
79423
26821
72076
34963
94241
50125
36771
34149
6290
62290
41997
45496
30973
15838
53447
14879
66900
17524
15190
56476
58707
71541
80507
26037
85818
89785
56417
72951
12082
30734
1690
79898
72537
47882
42974
2090
92615
88617
9876
78786
68076
94666
75779
82274
99609
38103
7339
31926
7795
68891
9779
9632
21999
84243
76146
37541
44349
62525
77751
45629
40612
97082
69249
81463
33671
37010
90145
98699
57885
92086
99616
68149
5462
99881
21166
53284
18492
61387
93424
11427
75129
16916
39697
70112
40463
95385
21094
96627
14955
70346
19404
70908
9062
65753
78368
84995
67754
20384
96556
86194
85168
98033
32306
78671
47484
1798
59610
39771
82647
77942
16620
8927
51990
15472
83784
87355
98552
68101
45942
54540
5291
60017
85259
76021
72264
87064
49013
74637
74161
80070
76787
31475
91407
66190
35116
89278
15053
27083
25574
987
25118
52502
32212
42141
35102
32689
79533
87699
50407
12033
46251
41919
33229
64635
60109
10389
32958
68576
15771
57590
24819
28721
30782
85286
74132
21715
13324
71059
84822
67961
59448
83858
72610
15167
11983
42610
54692
33430
39541
16709
62032
19172
45237
34176
31979
78243
69885
51212
92223
70892
33930
93111
62836
53439
25305
33312
78361
96231
52756
88067
97935
53485
64746
12681
96326
90842
19621
96542
86747
60992
11426
97416
39009
47772
89148
28816
86256
53610
51493
52795
19786
54755
52199
12850
11011
80385
42655
28084
37857
54210
72130
38393
36127
99043
95132
184
19838
59339
33745
76748
89392
53207
95598
47525
9997
97391
21797
69728
37204
11326
75790
19922
37089
68997
88462
48746
8305
87757
81086
70222
85622
96749
68998
27105
78263
96
62215
35064
1110
57159
57516
68905
23048
6423
96237
10863
92988
70094
61990
8567
87361
97118
85367
99662
99942
32347
37751
57185
75210
84259
85816
82743
50248
67893
60080
48320
76896
61869
52648
35894
78340
52063
90314
5013
11361
86830
84550
66240
89861
5570
22430
80342
36841
40480
65213
59652
11799
44198
31456
39702
6564
29910
70783
74672
1481
96048
90525
37336
82785
39350
2997
23177
66391
12863
41596
16992
50946
74273
42841
93239
26083
58128
89643
94289
80058
92637
58584
79095
66372
31028
86488
83892
72744
48567
60014
65401
25306
8058
19847
88560
41464
16004
6856
64743
19634
3611
33055
2203
13082
45917
63181
84576
11519
21449
52586
68609
66983
12409
41106
82975
31300
55677
12203
81555
94982
80162
90030
13419
62950
25708
87425
37154
4973
20626
81687
98842
82533
8842
77233
92147
76859
5909
81133
95305
66460
41699
35210
94895
83158
31719
24884
89035
29329
50170
92133
95316
14557
71308
9392
14270
40964
7574
13353
57310
62633
77830
59299
58855
86989
47124
39803
47126
29942
77641
24835
66257
81982
55980
17370
93114
17926
5927
31171
78165
63007
83773
55856
99416
97602
61812
31801
40801
88924
37227
21235
34349
99497
50465
46882
20838
98989
29232
38426
83376
55249
81250
32456
64402
88497
19074
66300
87056
23192
32977
66357
44853
77946
13532
29246
72231
29397
19136
2231
86860
21156
89815
34918
81157
7347
66258
96312
86649
76400
23309
55349
39444
79515
17589
61649
77852
8007
38432
69970
60447
57218
99409
89798
77650
33658
36774
66404
78327
86710
83680
73715
93923
96514
65807
66167
79186
69368
96949
3778
8913
44533
40490
58172
73441
39886
20482
89256
37692
72813
99026
43444
5188
68571
98325
66220
47634
90274
54943
11908
90713
25593
73708
47796
98219
65270
1452
83636
11394
83400
96190
53113
43193
17799
98799
29088
69177
62924
89241
53686
54893
69614
25119
48688
36884
2426
69686
35002
52615
57682
20934
82191
20064
23076
73926
73374
84032
10390
94381
44922
64118
31254
29692
98323
87494
61987
64195
78140
76888
4437
13076
96716
13796
53240
45022
5025
74112
69192
66181
5997
85017
50684
57651
61691
67541
16346
55575
44675
20365
50277
75697
31487
46045
48225
87769
298
18697
45792
39463
50211
90910
15347
37674
95312
57942
46554
99053
75539
95862
85211
53186
44207
62336
61158
53908
97779
44438
22332
99948
83750
62591
96011
67501
54735
57424
21138
65310
22460
74979
93869
60271
76380
94791
79538
21260
20479
82035
13853
87993
47004
84825
54738
78758
20220
85825
16066
79025
39194
60194
41871
25059
72420
33226
75481
54410
39552
28561
38974
84298
65438
86999
36622
85850
69657
54740
2922
99120
36626
66801
68440
57262
7788
38526
39288
8337
21219
38481
46459
48301
48106
29325
67905
27331
