35441
5732
59142
10868
78300
70220
47686
23439
44704
83117
31599
47851
38465
58134
39794
2014
3843
32518
95373
13214
76545
12129
38773
32424
23116
65100
50164
69844
55038
4704
21374
85516
94015
88326
85380
92222
18457
15739
97055
65132
99346
48910
77733
78020
66368
16637
81221
87992
66161
41088
71656
9455
86150
22395
82067
56626
42510
8877
32333
11176
57496
75544
74116
86328
91831
94394
7780
79314
35543
61842
77559
83411
85046
62304
85077
11367
37184
52507
11587
84540
87326
68435
48344
2149
60654
79953
97092
94878
99329
25776
80012
5419
86301
45597
62847
86175
41714
71556
6806
91737
97061
43633
9348
48506
52183
76310
26004
97090
29552
21190
23351
41290
51920
63835
73509
48585
8845
97545
61504
84621
52578
1232
1743
51432
2950
83849
26000
76684
59045
25325
69061
83958
306
58368
50664
75733
9151
20303
87404
94841
89835
20888
45242
77247
34407
82102
66016
87491
71310
14997
76773
9664
5700
42004
33616
28118
94581
46265
93964
58563
72990
87185
23069
33689
95438
25457
4279
27598
70268
35762
5438
92571
880
24306
59422
32763
19821
46443
27128
8596
46256
11580
44218
75887
56758
1244
33107
66720
84372
63870
63651
41435
65781
15592
40654
95053
21373
50291
71801
533
41393
92658
85593
66116
53374
65869
12653
14567
78426
14676
31140
57629
27372
13537
76144
4671
66886
52385
63219
36499
29429
46020
61125
29249
81748
66509
58432
57269
56399
45318
94967
10714
57859
67017
10140
67897
5781
90518
73024
80216
50187
64950
82362
32760
8701
88314
94633
28463
3802
524
80998
65264
51087
45535
45390
19420
64680
97485
53326
11198
76243
40981
53785
79370
54831
56274
95177
44844
42247
98250
69267
88802
42220
7861
56783
31233
45744
10690
82126
19250
95368
79380
55923
65998
59615
29423
36390
97983
40175
98236
29731
87253
97264
6158
50581
19877
10027
49745
744
50497
56850
17575
86030
63598
45301
632
21828
24813
39785
99413
12944
14941
2694
75393
22530
33011
59506
60756
25777
68444
43542
45064
25993
21844
58765
9825
87373
2362
90096
1030
11246
71992
66336
27237
28654
47995
51430
30138
9347
97930
63871
74101
77383
61385
923
35372
39701
19434
61297
69471
16591
54936
34996
94585
80354
18
88552
65064
78341
23952
38447
7130
38649
37134
28475
17591
47970
42868
92600
83091
52828
53811
41303
62113
25801
9947
74624
60374
38072
45919
36663
50500
66304
98079
99547
5913
51673
72559
89983
63975
12805
21335
21710
53035
74235
62085
47877
36242
85655
54789
70879
53607
66173
78702
76461
71605
32200
40015
19391
42377
83505
45966
26648
31597
36960
97506
10937
4706
79545
44832
25926
39557
44859
27828
56281
31614
11866
79387
81327
14991
40326
40026
46043
7220
11370
72272
50382
37215
57122
16172
5857
49187
41715
35235
59270
17090
77096
52968
55462
29875
90278
9128
80378
95500
73168
40898
59337
87697
55503
29078
4883
96636
5242
61358
30371
23438
15983
64955
71446
98395
48219
41036
65761
22028
73693
61796
28062
91380
32738
94512
62147
79666
2262
31139
28513
21348
91980
55867
20095
59822
67411
30601
23161
23524
87695
1901
4978
65102
1518
6817
23549
6650
12419
87055
2702
16869
72638
62152
11032
89614
29229
31037
57080
3007
60235
21020
98380
67485
77544
99629
33590
34601
82988
94662
2783
38174
91304
73301
85595
30803
9276
8868
29322
22467
68752
31331
90323
46764
53126
18436
38506
13980
74863
59590
24090
93781
14002
22603
51609
61215
53265
86609
59704
54710
24784
65295
70073
67759
77655
80891
56603
35420
63414
414
74684
62221
63420
53743
64913
21608
52465
20901
93877
91930
9114
39742
24902
66555
9936
11627
59375
6244
35042
13585
44496
60502
29318
26600
19585
18667
18923
76840
88929
11287
50449
50183
77446
79797
63381
58345
38373
39585
94837
52702
51787
95239
88847
30659
88191
15760
73547
40643
70147
40014
92893
54377
53061
9764
91099
56360
35352
97615
56863
86748
66364
83989
63731
77798
62456
11285
58362
46606
12680
98161
96228
47085
26390
98534
22048
41946
32919
19390
75935
39891
68573
82147
92646
96626
21233
43712
57866
35330
68541
50539
63894
89484
75771
95517
68480
57724
4255
49075
60123
5428
87388
11153
33372
4994
8169
33535
70348
73689
19984
27661
57837
74754
15859
28395
82982
72852
10475
77197
46976
65072
50156
82199
56532
25970
26850
93170
83503
25938
6676
66044
48326
17817
11782
86101
9508
15408
96166
4657
56756
15622
52753
67876
47065
5863
85474
77251
67498
14469
66930
80246
39166
29895
79956
74511
20346
1224
92164
71693
41494
96648
36133
37192
53583
57505
40906
73284
84882
77392
6712
49958
22562
59606
76619
93571
75190
24957
29547
63302
54616
38346
28272
8269
30309
67323
50055
58770
3248
9307
83392
31492
72110
98111
16739
12283
10976
12988
72071
88882
7251
79760
70791
23082
2085
21847
53075
40756
20024
20235
49459
11717
17919
39502
47524
28179
73404
95731
14877
12690
73057
70747
76558
48082
70151
69508
26049
25214
19467
77970
66899
57825
36391
19368
80421
17503
75514
24794
67294
75914
16350
23710
82723
19817
55724
37262
4887
88814
46395
28822
69011
83430
29295
48361
76224
64665
6343
5046
9762
7702
39423
40089
76708
66231
27081
42639
64534
94111
66850
30920
53724
7414
53964
85271
64499
21780
76812
96492
54408
3852
92746
73611
82235
79015
84669
25317
48124
14305
70288
56093
37208
70612
29127
77028
47954
59387
62112
98191
91488
48190
20768
22033
73260
78414
12489
50556
37275
23969
82171
84124
28465
3023
28589
13320
92578
48052
14930
89944
13644
20030
65059
49494
38143
18044
44863
11388
94556
65223
66320
52373
43425
44640
63385
28497
74204
37587
62853
97519
25085
60934
98744
22653
41086
29086
13248
80582
96327
72360
62629
79456
47834
16520
81265
86151
84633
64966
85567
14974
79390
12390
83406
32182
11061
61049
73380
8919
23761
84179
10369
97731
55861
49886
16575
18653
95183
83107
93458
12262
77365
5535
41711
69077
45516
3669
47999
55002
87838
80364
11967
53497
52818
91867
38260
55220
29932
42626
44070
48817
10871
52220
52781
21465
58093
96834
1208
81836
39247
84510
83399
96080
64563
19179
8288
72694
57139
37390
80092
11797
62504
33188
19636
27197
78665
54039
66862
93315
14307
22888
91427
67607
92835
4812
7826
54851
55257
74552
92179
5008
