60232
62765
3714
64422
57642
49301
9677
82391
48379
34981
2380
66440
41033
15280
34777
73802
2870
23842
18368
6918
87570
34173
31397
87242
17458
96986
24937
91946
23033
62662
1163
73888
19586
16904
55715
79075
31055
95403
74181
36997
85594
63611
24998
63768
98557
4131
30068
82061
47730
47457
84477
36580
88080
82403
30187
1046
16760
16794
2048
618
31221
31712
39773
3713
30574
22857
72017
91196
33380
71243
19763
86239
4768
17587
37416
15206
73170
96635
73266
46867
90813
11046
84249
80755
99840
16728
23514
54663
90462
91722
18665
53748
57778
24138
60092
8956
37290
14311
23535
44602
90515
79757
65202
41397
77519
4712
17904
41480
55589
96926
16978
40077
33817
40236
23729
36582
28102
27403
19470
65233
70792
18974
11778
22453
6976
55967
3420
95505
25224
96876
70497
5742
24477
57303
18453
65101
82744
85
56706
69154
8294
95196
98803
93076
5906
2458
43544
58277
37725
44764
21437
95006
25289
74931
13426
5777
61189
43757
28952
8147
35326
84849
84721
33579
61544
80286
49439
58259
31667
21268
19790
67149
10055
48477
45431
18854
71085
92586
76442
35063
93924
60147
79132
64480
51246
70775
71324
82077
43435
50593
31620
67247
8860
67000
94068
96724
60804
34709
29608
92189
4019
34265
93860
81033
91795
64196
55844
5413
76294
85722
21936
82417
29840
63126
74062
15633
54704
53617
42675
19513
95314
76701
21101
6777
75285
65160
79076
60138
28528
81864
44127
20158
49356
80541
75820
91012
91781
44616
86113
51426
62360
69163
43575
55996
10362
962
79569
14106
76129
34736
15428
36824
20395
16989
82196
88043
39420
26933
74086
56974
42758
34201
29140
10561
2846
10168
95423
68282
12881
21571
48457
5861
88366
74290
56226
80407
14028
92154
80793
94331
99058
41697
20562
17782
49295
72238
7155
44839
80237
7173
80708
47854
31336
98846
37981
33672
80606
80583
73089
62700
10263
16198
59084
20587
35208
70819
76289
74325
77114
54016
97881
43731
4093
42461
65317
38744
72979
61094
25730
43095
40008
16768
38616
77509
69331
66592
94071
83853
98956
86514
69407
97404
62668
11219
17457
10622
98677
79917
32890
22657
52910
40283
89431
26312
34615
15108
89410
21508
96818
87365
7727
48614
91235
42705
10531
95459
43900
40720
89052
64441
99450
85001
45000
77834
54223
34930
23927
14801
74901
75350
28360
12756
8174
77938
62787
84406
81788
54123
3434
74632
42718
41380
63679
45710
84894
56489
54398
63673
12377
73499
5895
73294
88310
95722
91274
77141
18389
5514
18983
26031
27120
38606
48112
51219
40773
7919
41926
86987
6787
79773
30937
12981
26505
76412
22210
25889
86326
44617
22183
78795
5524
69692
63547
37715
54255
71366
68522
18261
45630
87809
88281
4304
57551
12648
50881
64642
72650
26149
74734
86268
71080
63713
60421
38001
79977
86835
36294
13753
78655
83164
99879
943
96090
62874
28449
39465
45164
83284
9139
57610
12413
79511
28110
20169
14112
61427
41513
94601
4384
79705
17242
38141
23393
26958
72484
24640
83448
70123
96061
53519
93331
70979
68485
44010
43903
50397
64347
32428
53269
70409
8320
71239
18400
32163
14750
20410
44151
44952
54155
71259
63893
55909
67943
12946
39053
31738
10780
65187
66199
12359
76306
67663
89608
24804
57195
32110
47978
94103
41298
35411
98237
59715
10395
4546
94121
47607
56815
49573
41492
87830
837
57396
61190
95184
79266
82074
57487
23213
9803
85157
30598
31434
36687
87238
2570
85461
28108
63987
86701
27164
30550
18771
68439
34950
10181
26869
91904
4026
80394
86353
62080
62297
14523
7482
39809
74895
50880
37640
22423
59107
53278
48338
42006
31341
19496
72202
3743
6915
58751
13387
73345
75712
145
51085
82313
2246
58066
20928
62512
25688
31575
12591
21148
18553
87462
5432
86656
74766
37303
66614
70273
857
28600
30545
60364
29844
12339
62190
3344
53401
80134
50738
8893
54715
65069
99104
77209
12383
44800
27428
73002
74194
52588
63445
10056
66241
31219
27207
38892
72249
46546
84957
67491
36801
85475
29769
80866
39613
13303
87264
33445
46351
19788
69173
75260
34563
28328
96413
32471
23005
76490
82128
88235
78312
69129
33050
9503
42783
63320
4634
48115
12165
38811
1960
19952
13374
62960
42739
46702
43451
97319
39647
85669
81486
132
51244
96678
34984
58607
61830
80919
41776
95809
39141
91520
89526
43484
42294
26467
32753
40971
27950
37042
40944
83718
32041
81406
14297
27527
21390
2848
84472
5250
17942
30698
80375
27546
11825
62479
42776
32150
81622
33465
49797
1631
49095
28009
68779
11522
92866
15064
75804
74795
37791
31445
64312
69834
80424
85267
75019
82469
44426
38244
46996
58005
26682
33858
47650
15439
21537
51936
25979
68211
69128
87513
41588
53452
40757
32211
79358
30703
83796
89704
73151
95656
5613
3730
15115
62097
48386
897
63522
55207
49101
84466
32800
87533
72448
49738
94659
5803
73838
57882
2199
76693
99446
30414
26498
32312
13198
78394
71906
67647
75032
46148
72941
36474
40493
1059
52540
24414
60454
45304
40793
8110
85317
50351
14859
65999
72072
63064
54344
4902
80174
38743
64720
35916
65802
40655
88279
64695
80091
57567
64940
11154
61543
35779
65380
26477
61390
38953
34571
92099
32679
48618
55759
30819
83880
79180
70107
71193
29663
12150
94682
1740
50198
7796
13635
67868
19345
13649
23881
67525
28436
37407
79090
57087
61498
28043
35494
97145
5140
23172
98936
88726
44185
56838
1380
67543
64668
57759
96732
97646
49505
60547
72492
1988
40714
38671
98028
88025
50470
96137
45666
92149
73951
36456
99094
31363
22572
92810
74003
6595
92463
28119
15945
37808
67864
46916
94919
26723
57617
8433
81701
66853
26283
7170
25570
51888
18489
94397
6831
11710
33505
25557
31136
17997
64884
33338
12148
94371
85826
78808
79867
65838
24352
39383
85003
76709
21581
78599
16323
55388
67509
60747
99542
56169
75043
80742
15680
83571
52351
3747
4008
15794
87477
85820
75910
2540
49942
52295
80284
43844
27307
51451
7624
75315
90720
58573
15320
51774
40939
44653
6559
35468
58796
39
88380
26528
62566
69661
74563
66772
7709
27859
59856
66151
61592
61218
29156
50925
59035
10003
38265
91669
53788
10560
98280
54810
50990
15671
46859
86981
79060
10482
84813
35473
28219
76663
45469
93394
98972
93408
26879
4370
77846
30847
21320
66439
74454
