40619
69069
66096
85929
91275
28133
48636
30281
61938
43627
46835
45272
74745
18722
46198
89753
56380
33874
82305
52399
58224
68861
36643
23542
16241
27819
17208
4593
17896
34236
51574
31044
31535
89672
52591
2746
2881
99824
24358
74225
67769
26190
45901
94779
15355
36539
5591
32264
95242
88559
49002
43102
39853
50841
96112
8329
97718
64960
41364
16997
68499
66438
90883
73400
63465
17178
61673
42692
10855
96416
6179
7531
13197
68022
96607
69670
77200
19101
63946
20473
94412
20754
445
93606
20662
21652
51613
80752
81479
86739
3091
44777
60832
16536
88688
92430
31794
41229
15333
92631
98750
62817
34213
56955
73761
40297
51703
75111
44073
20085
35567
54018
1107
58634
59734
95198
13098
59060
60268
40692
53995
27327
96659
23850
5630
27110
76369
96140
58410
72401
62729
93666
48014
17443
52198
89804
20192
47727
30822
58679
64809
38029
97871
36320
54446
18130
23503
26839
4308
66835
84985
76103
26488
92767
93677
70399
52337
88405
91619
69822
81582
77122
95893
88659
99382
13705
29605
64622
68842
44620
30467
51760
57848
12316
90138
21191
41626
50563
70519
61167
70513
61511
10777
14905
43879
27051
87524
90725
26621
59931
37080
81272
57574
29995
80631
11590
2067
41586
67651
30775
79783
14192
97789
68115
4905
73442
94692
32155
73554
90317
83271
50940
87047
2112
13251
79099
80954
48742
81075
84050
55899
49846
90509
71956
92208
76644
853
54758
69432
62161
15664
39762
1416
40465
20664
21355
97970
59047
71013
73952
73111
25356
74890
37821
18551
30647
42208
6744
34987
29477
54137
97599
23915
11553
71725
71674
72769
33252
79043
54820
18711
51844
38216
95660
21923
53481
46920
19181
51978
55486
5919
1164
7459
92576
93325
10679
27274
23693
30082
80714
20073
31683
10219
58237
88717
43308
43974
33116
62561
73937
75452
19111
65841
84817
17557
70244
28950
13003
86949
71953
37075
45471
35032
58273
70446
77955
90553
84464
26346
542
93252
31621
64298
28409
45620
47953
95621
18153
14030
16403
13550
56662
98376
39158
65370
91176
84499
73435
46550
63938
43124
63583
26853
41097
73633
98869
3618
3712
79193
2097
93221
65840
9619
69385
61779
80064
44529
35674
61692
44977
29669
24851
23427
13365
40568
3069
90609
75355
85536
21029
31327
50265
34097
48541
8626
62640
32032
56266
10136
63788
7571
21162
66544
29819
26293
52405
55156
87913
69677
28126
32190
40680
37483
58782
74843
34554
28716
86685
52480
60806
9287
76798
95781
45174
83733
68010
83457
68277
2689
21319
72025
42241
21677
44478
17029
33845
29374
26799
42053
98478
24946
62418
5965
58222
3854
49561
41213
88296
94466
69327
50633
31463
63108
72622
8222
81770
96862
45585
59690
65339
31944
9218
52956
83629
41357
74393
61754
95980
32536
8086
37799
62081
1796
94914
50358
24814
80125
25129
50039
92677
48484
62677
41175
44424
27122
13173
59708
16397
26883
46941
58911
48173
37607
66139
85194
5672
80171
50205
76733
81005
95717
51693
74227
91071
41704
89036
51505
45232
57890
33063
26647
91853
22787
40733
99850
26021
43382
24216
28730
2918
48382
33332
47445
71964
83355
47316
87232
38457
40842
92476
775
84955
53054
82325
13135
18946
70577
73395
13945
59700
53180
54646
95930
53455
62562
44567
86927
73959
90922
83839
51063
16470
64504
43251
96698
30278
57067
75406
32542
4586
3073
35015
56037
42555
4296
24426
33543
46578
31051
28506
97617
15743
17981
46800
60100
73872
94263
38697
44983
99819
39649
6547
46138
6950
51352
90592
48158
88211
47394
80899
17245
90742
6667
32486
35414
83358
29687
94244
35722
8957
32572
75218
16518
77980
85316
64693
23085
9365
99576
38039
79288
34081
12657
42406
8070
60513
99482
71518
65180
62075
6964
44382
85720
92157
58611
50296
45582
58366
50097
59853
87943
32398
87582
3568
54766
20243
63753
25188
72787
58753
17428
84091
7001
1810
11788
39981
79181
88308
7217
57254
87660
16457
68726
50932
51561
4927
85330
72020
42629
45027
42198
36808
14138
88635
16231
9748
50348
71668
65148
43573
25830
38778
98841
50554
70021
63743
72196
6737
83819
56216
70490
42155
93289
4373
65502
67150
64626
74612
36575
80001
4531
35480
40388
51901
18257
48890
98321
26165
17156
58153
11249
31894
19116
25447
31693
57541
8966
74703
72247
65027
32125
18253
1604
60266
24387
59896
78458
476
62692
80439
28313
36109
74834
23290
80352
85955
51988
30189
67589
67414
32637
3666
37853
21603
31989
99970
56729
23626
46321
64294
84318
49240
86087
48698
3356
98130
91793
49416
16455
61485
72704
67162
58787
52033
27775
23667
9626
59492
56158
1398
68013
33900
36201
82728
30276
78859
89621
13574
90513
50588
96622
64902
51999
3991
39498
79949
30529
71245
43045
8763
30411
31643
46711
16594
60535
40715
13039
96207
84640
51930
2049
25392
27791
88072
91499
94614
64892
63770
44708
57181
71178
93206
28521
33627
90361
45157
14396
23913
11663
38927
89777
73620
85750
91352
19257
45246
41220
63050
48406
71285
56264
22475
35607
291
82420
70969
37487
22303
93533
12775
15677
3651
31513
34978
47208
63868
20432
19320
41384
18163
18657
12482
56711
34911
75147
38060
88388
82374
64427
59354
82169
49272
41503
3219
79612
21904
40213
66561
26756
30024
5316
11727
13922
94361
32643
10721
7244
30826
19480
44507
46531
71254
88084
26597
80329
13377
76055
3989
91366
86577
99440
30594
69004
32022
3495
25885
59135
98099
27616
62694
22643
44604
41177
50022
82635
32359
62565
5889
26956
64927
40250
44658
30505
19481
5948
82398
71453
70245
88338
89111
20474
58920
85763
67564
80965
89846
82912
31965
45493
30129
50422
13869
20685
41617
89816
5704
51416
87724
89079
41415
75769
34608
31209
27325
30978
98589
44237
72395
55977
66844
39992
99702
63144
27966
37025
3242
76113
83557
44331
5881
78168
23620
85734
13502
4111
41474
59905
10488
64871
6427
61258
99601
60349
70124
19033
79933
11142
19733
98850
14035
92526
69628
99778
10264
57258
32127
86332
90411
72628
26826
71663
75522
67415
17427
96585
80925
47713
38356
43751
12542
73720
31031
62406
52667
25600
85856
71341
88679
69705
52296
44514
92926
84514
36710
91923
84345
40043
15881
11722
82045
20704
78520
42568
21224
2885
44948
19514
64810
76906
84341
50520
35654
93218
49057
98416
31699
18485
20134
56784
71337
