74607
49431
93454
92594
36169
50744
18630
24501
2348
88313
67453
48217
27523
47238
47903
51522
81897
42863
41802
16029
7712
10816
10647
72980
69929
53256
91284
77428
60176
65159
23519
49522
29575
50699
24681
22905
2722
45214
7605
57214
70742
3126
81547
93178
84737
26469
37839
11639
73429
84752
89854
64671
59658
93612
56610
50499
33778
25331
73000
86509
31805
67432
99278
75057
88692
39305
93893
75884
97140
73750
57961
56901
73735
52554
30432
19856
14698
31878
33991
52807
33095
77304
72389
60733
60468
53041
16369
80912
75233
7799
27926
13759
7117
96053
38201
80503
51664
69860
92334
60153
29624
71070
19126
83057
663
52570
46596
84646
24627
31178
70564
45987
54744
88246
30451
56795
2474
24319
6269
36559
36035
55948
41811
4203
82791
68105
84879
23832
7656
65789
10650
54114
8202
18882
55975
19026
76753
3840
62574
48069
21289
82488
81640
52870
74265
92388
4929
13898
90535
98212
17174
27903
64817
72277
2497
97421
72988
60516
44053
17961
989
29368
72639
17881
46803
86865
76975
20639
86874
62918
92974
16385
2815
31118
76650
29291
6245
74447
78406
55474
13800
93304
64599
94258
62991
92695
10794
23362
29899
45146
22463
39487
17330
73035
62687
9325
44306
18125
10914
62996
81552
49152
70801
62759
13659
76285
53093
14577
4061
32588
10083
16406
55023
34018
42431
8133
70229
13543
43670
55918
19705
30700
51109
7554
10286
23002
38609
85881
74462
59857
3226
76519
84335
55559
6216
2249
97943
46959
14753
56735
10271
3456
47582
30916
42069
3579
24709
78751
6460
27419
66005
39293
18683
60797
78484
51207
93419
82882
86991
28747
97475
12247
53658
17699
3868
15790
11486
35023
39454
38453
92759
69091
1495
13815
5701
36097
16444
5350
68364
25078
28744
87979
94771
93591
94304
87511
51364
43805
94642
42683
70555
48231
15925
80548
77775
75879
90261
24777
67808
89514
47474
14848
17271
33479
53611
66293
34158
16849
24864
600
50508
961
24796
18937
50030
84935
94678
54233
29751
37552
89542
44
57722
60361
18799
205
63042
30690
58377
23335
64880
85860
60540
31198
44377
89384
51275
68421
48056
60405
19539
31428
93982
64054
47761
50433
78353
79233
5484
75558
66926
64325
7853
82811
38004
16307
93663
62935
47977
40814
20110
14063
47164
15991
25082
64953
21363
59681
85791
10203
42902
4695
37867
16075
90395
20249
93160
63617
67269
99313
83490
38313
31358
81666
14707
4245
69788
94282
85689
17138
49973
88687
86611
60902
56514
10826
76757
94922
93292
10448
59916
1547
46063
68540
48205
15943
98958
13808
60104
46717
21611
21554
91116
73175
46316
78530
22842
23325
5385
38958
89116
40950
43798
25337
33912
38150
50828
27865
22691
71862
52371
62126
42706
76543
27157
14388
51952
60854
34763
25631
73883
26424
35054
97827
14755
67320
61137
97219
25414
69203
71505
34247
64685
12816
25663
31771
90229
84073
71684
23096
9855
61602
1387
86041
67184
46035
53258
33324
59174
73897
94517
54916
65275
84876
21467
32878
59900
20093
93954
67860
35225
74877
34593
64443
43790
20793
52144
26286
97001
30791
28044
2786
97049
92140
89315
56744
42864
90308
60716
62946
36469
74516
81743
65960
11
62939
90100
89139
55718
48307
54330
87866
461
79267
70947
34532
54981
8108
75140
94566
33221
48276
76529
66037
47657
98625
76273
84098
24975
79577
35746
54601
89882
60342
99100
14376
14014
66207
23937
14995
56517
81405
23218
45326
31082
95418
18345
25143
32560
9990
27629
16527
35804
48530
37354
84968
47788
91610
3661
44907
6110
74241
32909
60962
82568
67812
8817
92207
31645
63232
75670
75141
3437
83416
9080
90039
11035
42717
10843
26365
93732
89328
77802
5031
36784
91816
70479
3272
66557
24194
88525
68794
4821
85057
84325
39170
75811
47013
24514
28483
51922
1937
78942
31633
47017
56105
34366
81146
264
1539
808
71704
20180
72487
6693
81815
449
65911
91253
28073
45069
26628
24357
43242
85257
53196
22059
27173
82854
21474
68425
99224
5546
94467
57758
65629
43504
76535
81349
54280
90557
81290
41986
50749
37471
91636
84990
1716
8698
44605
84413
29676
90542
48279
47863
74574
54490
86333
82749
1912
21393
72415
56457
44860
87805
57197
1331
85871
54248
52442
7844
24075
1038
91936
54670
39943
5817
78135
6230
58530
5313
18476
63756
84190
72164
54325
55767
20709
5018
97189
16137
68533
86211
88673
59786
20185
31774
96443
40377
33551
37005
60225
73034
90251
59389
52534
93889
40336
67785
90420
63900
39736
1072
21109
89220
7121
34639
8656
44654
3793
5826
19061
21248
27538
90348
39743
27992
64365
1640
38167
29764
66587
50870
69404
69516
60834
81282
54706
96299
91991
94971
81647
17163
59989
22917
62573
86842
93640
44595
12223
34966
49465
2402
47117
60717
890
40058
96953
93084
79136
70297
61959
18977
81160
5612
15655
81531
84632
77089
8390
65009
52104
15311
16169
12464
72728
96114
22035
76060
73876
99066
43871
41764
12002
93298
87628
2240
73137
38783
87182
69223
65718
74360
62601
23865
64917
51442
58034
17624
456
8527
13509
88546
11978
31815
53268
65481
88228
59829
44614
19429
14968
20452
58805
22461
25544
78214
97498
48652
89485
69502
76561
98679
93540
85089
52660
36287
58163
99965
38067
95724
33475
63057
76431
68458
34400
88598
54814
27917
58301
23583
17563
48918
19610
69808
95651
23706
68131
80621
10044
73731
53594
51379
3879
43050
68784
12911
6324
1871
98062
82836
90683
44229
76811
54720
85072
85568
15423
21951
74973
3974
20311
75164
99181
12292
22170
66678
40910
32552
19342
96802
56873
27860
61762
56993
38731
28162
66508
88465
43856
2779
11543
78465
52769
63441
96829
71880
62968
91704
25758
13836
48000
59452
42673
40632
47399
49471
76098
71648
82153
44651
12735
46690
66420
83551
35888
37388
2094
43436
30833
91462
72816
45333
78445
59132
88773
38874
67446
27465
56137
52379
20872
24599
82355
52241
4184
33886
74920
36121
98310
81223
75477
12513
69573
89593
63601
74009
16334
18742
22346
95989
37543
82705
6047
83141
64749
32370
97648
32503
66215
86449
15799
9786
72954
46864
59754
46281
63593
85293
70972
36361
4783
36815
80146
20791
4656
76404
65495
39056
8873
28113
4149
21579
69711
1081
62541
67918
16296
81943
78867
4940
13392
75193
58535
47509
67615
8741
96679
30297
72660
