29839
76791
8255
77866
55516
33507
45962
66222
13051
35868
6314
43801
55656
56891
50335
58382
3417
60715
50466
21049
79047
44415
20348
73758
65621
33540
43036
46468
73912
34195
99980
11269
26097
49859
94407
14810
59608
72268
68583
53220
312
18452
46054
9498
49682
7432
84235
95367
51027
10730
71901
6382
94627
34111
68114
43943
60386
622
30842
9466
98240
61767
29750
33270
51869
36414
79035
86796
10916
94125
48904
34839
95699
70310
96094
79407
3204
40638
94959
99749
88167
908
93929
83261
30969
67074
82120
67714
35153
61236
54034
61357
84359
59041
5444
51817
89473
61339
7374
53273
79738
59196
6669
79347
280
23869
84976
3753
41755
11202
96955
48954
29682
38806
19661
50954
67666
23745
20399
2252
1425
53771
97329
68179
23827
97285
60782
38655
89283
19582
83334
10700
12612
81481
83595
7551
25942
51945
45979
90781
6997
25680
10897
44479
48236
67420
89124
43607
71212
64759
99316
61545
27077
72526
90990
9518
34402
54669
11524
13196
25980
31591
73117
46732
72696
31109
18892
19668
65304
54153
26081
5466
89402
79814
61450
22838
72496
21743
11459
95876
72894
79628
32081
54297
58916
18904
51727
66708
34361
998
15509
34475
49651
43424
80951
77478
16136
2271
90482
63346
39915
93946
45004
61624
45379
93956
63274
5219
5950
92817
34646
63415
53308
13866
72382
1552
94965
49174
15371
45240
43532
82314
21207
68932
928
45697
17079
77123
25689
46211
58242
30702
16838
54378
38997
69762
66339
19010
30927
64761
94400
31919
20999
43085
22783
99802
87431
55414
37083
62223
5837
18817
2886
96131
82945
89383
44715
67121
54110
65289
43595
61041
36929
26775
77378
52606
40717
60204
34837
96320
77557
72147
52125
97176
70766
30783
19971
21878
56101
22266
74394
31642
58173
35661
46397
71834
25786
33965
54528
24561
58598
72182
33887
70769
92878
44240
73166
9496
87265
14357
13999
75893
26352
96788
34244
78540
89741
6070
81626
96334
27648
43564
68491
31130
335
62210
75922
26186
96796
48513
63908
44463
42062
32578
4129
10830
27147
66148
14784
30198
28738
19372
55423
72549
75762
14108
47826
42353
62794
34312
22669
23072
72485
6613
38471
45198
96306
28938
96708
40634
77433
87072
49559
50354
17270
54800
16062
44279
25067
47392
59988
15904
97376
61302
5111
91362
7536
26562
9569
76863
77035
15172
88111
1670
87412
50858
62305
71471
46915
65090
26296
96564
6497
90797
33097
43000
42024
73043
26234
22893
26911
40925
99166
31748
16857
77167
1135
88650
77735
52349
2124
60693
15109
96323
62875
47480
6266
91148
19963
43864
23334
48286
40958
55123
47060
90728
16950
77458
27312
35344
53558
96654
18584
49619
74941
56764
10667
8551
76628
55720
56541
72443
77098
95743
4084
21549
61069
99206
89733
39203
94472
69809
52972
89302
82366
12243
48536
95207
11413
10947
82239
5054
76944
38883
29727
69858
18422
56716
28523
94031
87168
79134
82485
11232
71762
86601
82634
60291
78319
9834
40266
6219
849
23493
13284
587
56911
60407
46647
53072
72092
70580
8961
34288
19727
49005
84962
9081
42871
61949
81755
51388
8615
8272
54158
87275
54195
18718
36229
3330
88327
3208
91290
39944
44899
54334
89911
73808
60787
91184
87748
71485
38533
51385
44202
77116
79229
46303
17277
3381
69262
67232
29317
54576
37783
17577
4295
62346
24287
33179
80707
61352
9213
94728
16788
17600
34090
24133
39378
86441
22421
8507
39833
51704
86028
78077
81431
76296
44188
51179
43732
4946
71077
23713
89650
1939
89309
7904
56025
16416
1557
67355
4346
61620
22364
72129
10696
86938
98239
72725
60314
16358
72343
52830
22846
20059
26198
66143
16236
9425
41458
17379
61154
11076
84844
62043
90398
13614
99374
65034
2623
65154
28312
91357
85882
83240
27655
60325
71739
52269
42519
60380
40468
8571
29021
40390
77397
22359
89265
11928
93902
69535
42245
41906
55346
60293
58785
50561
55789
94439
6014
36738
80437
14611
91249
85142
60755
49474
58192
8714
45439
68553
81717
6940
46746
53038
96650
64438
83855
88701
71660
87200
70175
78504
9901
34707
55311
91075
42570
69616
31379
38162
73945
98185
99179
41194
13075
8427
30496
48874
86505
81697
98945
977
46670
87762
53222
80969
83949
9198
74378
39905
58565
73827
52517
95706
85324
27380
44805
52106
5946
17416
21726
9076
60740
42564
86103
99538
87436
39003
4553
20855
18311
12426
82667
96647
6691
56196
82154
93890
17283
41678
46220
57767
82236
37151
90156
63362
13955
25132
24636
7663
30378
47027
70279
82251
85956
65469
91546
60508
45184
22955
33851
21154
18278
60346
89726
21689
43770
27150
21195
72960
7870
16388
36467
53769
34152
58509
79424
19014
35324
59804
61756
50722
50680
99620
68943
74505
21597
15369
40974
63538
44823
88796
78584
63995
11919
76921
69581
61972
75926
32001
61395
99223
2109
71167
9224
51101
36981
68256
15646
50599
5631
1323
53457
57297
62551
96750
32316
45116
78106
6171
23315
47183
69895
72427
85935
81950
6889
52111
49642
78864
96156
80311
44393
62786
9975
75323
65037
70509
85984
10873
63606
95208
13220
98222
89888
53936
15403
98755
4598
71741
69447
91593
56061
65770
98873
11961
7603
79187
92903
56588
5651
55621
13457
64213
9339
69713
46030
43161
46047
52516
98781
78094
64127
9920
94359
57809
39814
73979
36753
44033
14235
89103
41063
41526
92673
92940
61894
94443
7678
12459
13941
2967
82164
87930
74391
39704
87429
56319
19256
2356
21858
13658
6187
78989
21064
30429
84159
26071
11529
73719
46823
11273
45224
64729
67551
52720
52368
13002
90207
75850
66125
7972
29951
5804
17177
65020
42969
52045
22161
36214
22006
10006
33805
42742
18417
19146
73425
96623
59971
82674
28226
36196
96605
3290
35593
16175
82215
69
94658
71261
94729
48200
75114
53315
48032
8385
55507
54621
41153
53646
32376
7582
58592
66878
4429
49384
79332
51049
39308
72078
30913
17702
57937
90988
78244
5841
31325
96354
68433
42421
27543
91604
89853
3467
8506
69014
41680
71338
44886
78315
36668
90912
30387
47893
79978
6892
16052
91020
83083
82556
55339
38015
72225
55958
21763
54839
34692
29863
54300
10623
85643
57300
50535
4903
15217
47322
87367
7649
12187
60335
52509
70778
50498
10148
49605
66646
76923
10802
23526
79585
86979
862
5378
97346
91243
75075
50429
75798
