24395
78940
8906
75918
50848
27050
10822
31013
82569
49049
37129
47342
8608
83368
6878
85587
40700
43549
34636
86403
58938
28794
3972
66845
82337
74426
7364
60030
18102
87689
63423
57671
80532
47137
24934
41609
89154
56811
89560
74220
20545
7479
15171
13842
64833
34134
22900
19440
3098
45033
9497
63071
9873
6741
83676
58302
93270
30382
73298
69779
15848
46831
93607
79309
51989
10211
3396
27338
72629
20569
68632
16651
69564
63620
19460
51544
4070
82907
50567
23044
20040
58884
92648
11342
98609
7619
36854
10312
10070
14489
48793
82712
5298
48766
88097
10746
58
48464
44337
97820
5387
24464
89634
98430
48639
58968
72234
49777
46600
3046
84001
89510
45044
77337
3805
43468
30858
41316
19759
54835
31090
85500
94461
38568
49569
9796
9963
46376
31921
80319
56860
81709
7192
29494
8484
84548
1305
39655
23695
21619
83277
13884
48562
5692
56810
53334
96971
8533
75646
48194
22040
71169
34308
82514
55528
17146
16258
4419
19800
15146
57924
59588
56165
75211
65614
21540
26702
93897
13130
1793
39010
23593
86137
97745
60818
57732
28280
23217
74689
88115
64356
10554
72710
67804
81532
8983
39592
13891
32025
93237
36038
35575
89005
12532
52963
67228
67033
34748
73494
40199
86362
73431
74130
93648
16609
68826
57161
43458
43172
51631
55022
60736
60792
44610
66314
69491
50522
74518
54773
1773
82210
39730
90989
69991
85776
1760
6947
39650
53142
47076
69899
38566
40668
32303
41341
91888
3296
90345
72141
32067
39810
58740
99128
64177
90789
46261
45452
33376
97084
78969
39242
93489
6601
47424
86191
99698
77687
72581
19516
31552
76039
44379
95829
93800
99082
93742
67909
6764
53595
84167
88445
73365
17389
56843
58233
73650
49475
68873
20279
68028
68158
80545
37896
47413
31266
29854
29267
74013
97153
33771
70003
17287
6573
75723
76477
88335
28203
38272
63737
4114
85857
14717
62825
38910
14509
47910
73485
52994
99917
69597
1139
44192
36427
96861
24945
77217
29971
34409
64545
85876
93032
92731
92245
92261
33580
40774
34316
99628
69520
94473
49590
75845
24103
6664
79238
61629
81722
68625
29375
11215
26481
90202
35576
25931
54787
26318
85190
37885
60663
53902
21471
98649
13743
39372
91701
86760
64948
33253
96787
7542
56524
40745
39368
71226
27684
35453
77241
10302
344
84452
59031
35726
22930
52102
34689
57237
95091
31519
14152
42462
75041
79333
95447
67925
21789
78196
94723
53312
70442
98332
42622
24870
58777
11189
41113
34811
59340
213
75418
63514
74508
23905
64139
80127
55496
51908
3668
30590
48878
71544
75760
73513
98315
64609
26516
74906
35404
31377
80663
1406
23268
40623
32284
86266
80122
70599
86644
59049
52568
16622
96505
30377
86899
48100
7969
99362
35687
16443
15195
40543
77743
37312
12373
86672
92797
81470
4500
23957
20803
4788
91616
3127
34410
45580
9559
63194
53132
44459
60027
41869
7505
61270
51341
19497
12042
86767
73412
49691
61228
34056
48333
79338
59729
9778
17709
49207
99249
35040
12698
75627
35737
50854
20800
85943
17928
87071
29968
35373
59230
60597
54229
56230
29057
53952
96543
51302
93762
47022
41424
21702
67599
62125
94077
92833
40957
57798
50406
1836
98775
30593
41094
34656
44139
73063
6137
39114
70571
94254
61775
90904
30139
4167
66229
18504
46890
61755
69431
13278
52342
18561
66103
4954
9816
67502
50585
36437
49802
72900
92491
47091
50732
35808
80939
28782
61454
31785
68757
79020
98143
83292
20760
97010
6537
10054
23608
31415
86893
41947
15756
33000
87862
62647
80259
79735
41361
75457
32786
78804
46679
25549
66668
55101
77452
56680
61996
96533
24800
38020
2588
69195
78553
91145
37536
6951
45533
64779
18748
8170
64738
82079
6946
80120
82803
34003
19771
60842
67570
64805
59470
54445
33823
93231
4603
22737
12268
81074
35957
77374
29301
77984
12440
52760
46983
13368
25351
46716
24151
95531
2914
57532
99233
56572
24054
77603
18304
38312
39687
43986
44738
20174
77443
56208
34586
64091
12117
15568
79895
59169
48744
24166
78799
19233
46396
4096
51202
88947
35818
74542
18805
41020
65719
62806
82616
13241
42146
69867
99091
35691
29827
4068
17914
79246
26140
17232
48936
57603
31369
71844
63180
74155
59770
55216
55913
8451
80993
32649
40314
98559
4438
47489
70857
75499
55695
60373
1202
56912
57473
43224
74392
70570
47098
65711
34105
31072
67577
17922
74463
53080
91557
20623
52680
33276
50772
15339
78049
39404
69481
79319
25612
15582
77389
59276
76998
26223
10781
31193
27416
21594
77474
60051
24520
62805
21553
12931
76643
93123
58021
5012
55440
328
25626
82793
88056
64853
64021
78612
16613
2842
90944
78698
90211
45993
83656
2569
91622
22844
29130
71071
92284
23799
37346
86782
48581
9751
89522
39218
20315
70380
80176
80982
61690
29581
42611
4058
70082
51699
98016
79382
39503
72748
8338
66093
88096
736
32808
15548
6680
35237
64717
4055
73738
66871
99011
84728
44696
40798
43027
61739
83982
48712
68153
44889
47001
91211
61327
90385
99385
12121
78215
40569
39206
11644
98631
79448
8069
60093
97490
27742
56555
18962
8536
13379
85234
87051
8871
22621
29843
94685
64811
41189
18600
49374
10188
56441
23480
22307
32082
31781
78622
28262
32259
42666
11362
88724
22412
82878
97426
44403
76967
52631
40038
22314
48732
94421
18291
45382
35380
21889
98910
82639
90676
18856
91651
77690
32322
95766
235
28553
8434
66076
29465
41969
69290
18150
48306
15081
56995
87653
53016
35121
27871
53351
68201
38473
18933
84210
64983
27195
96042
57666
79393
13069
56283
38740
65351
46012
4092
46394
65797
22384
51434
45236
25043
78745
93818
44182
36227
77868
27658
16055
215
2207
53789
87542
58201
45797
54063
84987
40508
87937
3985
18821
85442
5633
72782
58423
12505
95611
70502
34328
39296
30511
58825
4479
64442
30259
20979
16299
54182
10835
46738
64691
58174
54338
32258
91596
24747
30104
62193
11441
11355
63338
47753
97916
79605
36009
21458
49433
46358
55177
37553
67612
32580
74429
81108
16337
59249
24099
75956
24036
67183
52341
24613
25808
58122
74458
4408
67313
45150
63203
58552
97869
70160
5661
91029
99452
79770
86071
86588
71228
22684
4872
44992
93777
84396
64045
35136
16893
47929
41655
46203
36045
12909
2415
14844
1751
82033
49783
91537
14936
