21457
34648
11433
29425
40536
37905
20485
10409
87997
58959
10461
50763
130
84015
14727
99154
995
79522
58041
59906
17109
48116
84860
79450
51748
18910
26374
94904
65613
16375
17477
7294
96470
63528
48441
34340
93534
58915
23786
21080
44109
67006
93472
66854
69308
81423
40809
20509
18920
31900
85552
26801
61084
44875
59776
30689
7018
5899
25854
96843
69708
5511
12716
17864
78334
7561
70451
35386
15239
90757
37211
21629
77642
47522
85770
85578
88927
17313
9357
44540
97563
86159
59325
94857
28478
43955
47374
48180
91527
67767
45955
10421
47417
4696
37662
86418
77423
86393
1195
87325
867
77805
64185
1553
83440
20864
28819
5763
7610
93738
23061
90374
6414
22371
94648
16688
63010
50692
91489
41119
13629
33800
70950
4613
9622
1940
22793
39133
12016
99198
22473
17932
272
6022
26491
96596
58253
27205
19746
42057
26125
19893
87486
71455
89620
22514
50363
83469
46439
68464
42623
90694
69029
46432
97925
46450
45048
68691
91814
71372
59897
93365
28136
67382
11015
61319
30534
68132
84448
74651
2064
73459
26389
23032
28961
73190
9843
36991
11019
46623
23428
77845
18692
19990
87968
45476
3949
30020
58427
62578
47968
61508
4774
8531
88642
34575
92356
30003
88071
64368
25237
36550
33711
1091
84082
59287
82554
68214
43079
92784
31787
80694
3605
3874
44818
56131
6453
36589
23613
10610
85181
72191
44104
52609
3518
55612
31516
35219
43777
9025
61579
33975
63352
14582
14772
71344
37568
68771
75860
85959
10952
20680
87553
33534
37747
25589
40724
35729
63490
36316
77368
89945
17684
12541
77403
82183
2826
28541
35318
98113
74914
25556
64
84779
14514
22400
59082
24602
18108
94572
5158
39160
23160
50527
49129
16831
12468
33234
60894
76878
46095
45054
95142
83176
8149
18107
18863
12814
20656
11912
48192
44128
93590
36066
41078
83311
29949
10028
84381
13378
37138
24451
13111
56822
4589
22148
92302
32759
50795
14328
99247
92049
26607
52986
23534
65083
22003
72432
8995
20738
71490
5764
3346
10417
18813
80206
28761
74852
46237
20529
35548
26665
62862
65482
83244
69906
17381
42816
73833
11255
65494
73038
28429
33842
96294
52815
16529
14069
37289
40867
39277
26406
33306
52849
48977
34727
25880
9013
63478
30106
15248
64577
86804
61509
36402
66912
42123
65543
49021
62357
8602
16578
81244
10499
41577
1563
56213
5827
39447
54294
86383
32467
41825
37441
71443
65045
11250
38225
33109
70385
67837
64933
78013
8629
27475
43349
14137
8591
20749
7730
97455
21267
34054
57464
25024
90763
26941
17648
27583
30982
75856
39715
80084
62180
73813
77678
58131
80362
47879
37514
39780
36176
74838
14546
33882
85441
10142
30929
67853
24155
71096
39161
40583
9728
94840
40862
64672
51668
33021
94167
65376
18442
37698
28461
79112
88599
59227
43213
89566
79595
99123
84674
26359
40093
39344
22935
32834
74441
83561
57977
37132
67579
65748
15093
97223
8670
58443
16731
25802
63553
62176
41221
67276
70281
21972
28649
71197
73446
72544
26379
70713
19108
52168
74122
72098
75332
8296
29167
66634
2215
1840
73595
48976
91897
56031
42600
20045
88389
18090
5932
32648
81003
59987
97292
54857
38601
61776
79142
36529
56459
85736
12923
52068
1945
91219
79796
88426
96936
45734
81077
18306
2454
73629
34074
6351
21905
3788
75535
45039
95873
67470
28012
11149
27134
73097
59127
35855
22323
17100
28391
25257
90403
29814
14321
38120
81956
42276
27750
35263
77387
12136
40998
24507
51937
27784
26906
24993
11281
59489
91859
86829
94335
32040
6390
69726
70900
98077
25796
13061
86811
84151
34240
95481
29237
76176
55340
78032
44642
26179
71657
2346
26302
12577
47066
33291
18695
32969
4398
25280
37176
2678
24985
2379
92217
67819
35370
99337
80786
83873
72658
65844
40591
558
95467
80724
93554
50438
96377
30400
81598
25856
58719
18335
67406
99532
83182
30151
94486
26210
24396
36910
16427
53005
81823
37869
19183
59116
46441
36475
83360
57707
65354
47572
67532
24564
97623
10120
37046
59582
70824
11302
11185
405
56168
76010
45708
46260
30530
16390
34179
97182
93031
92066
88119
38443
85437
31727
94531
8460
88219
84176
88321
7177
14026
19084
3632
98045
75737
7777
31038
14402
7566
15769
45331
70031
18470
53183
78518
4845
21967
25104
21403
98648
44669
72565
39275
41613
91327
72246
18839
22238
18784
31990
49743
80854
2297
66133
62868
52953
83883
42540
84269
70375
70378
97540
17558
67312
52095
35112
82730
45692
1648
64559
11924
1736
93169
91213
14948
25311
32807
79336
16071
93153
41972
6580
75201
11188
87220
33560
37697
156
29665
65863
98268
82625
83173
41326
56592
75033
82064
43679
98179
271
46391
87387
99675
45892
55092
99447
98040
14434
67421
4850
50842
95509
39717
67867
49441
84155
42119
3689
6914
89249
26459
25750
65871
23624
56560
2996
94714
14749
42405
55300
99701
38615
51038
71896
12006
6634
10938
51726
74769
11498
16281
89042
63003
35819
78456
1742
95993
47734
83939
3339
74000
2617
92999
38758
36348
46978
72243
96735
57586
2837
73940
13273
85096
60608
97033
52013
44335
12157
48487
2803
32124
6572
69778
45874
38722
40743
73313
24244
80725
30708
78486
35016
67520
2741
2880
32408
22373
61606
4219
91977
96684
11013
51506
47241
27712
57227
83310
1515
66451
39229
58207
69378
22616
26405
16541
58562
91481
66605
63077
28177
68268
35365
77021
95252
36810
45001
21225
6274
56462
22655
25073
35665
99122
1155
59201
89904
58667
92541
89174
44143
46305
34795
19035
717
89541
633
92298
43784
93768
77927
96328
94499
32641
89569
20522
41417
98249
67950
62012
23441
72634
27253
28717
43510
60311
49582
46957
43417
31084
99846
95976
32749
27177
74324
8121
8861
33844
70527
71774
38344
89627
11731
23669
66248
22026
31892
70317
14043
4759
64901
91942
29304
93746
13403
92863
61933
41834
50317
60021
49135
73278
2892
9317
19740
20139
51894
4918
96673
44147
76091
50416
1373
20894
68266
96241
2052
3287
93096
51925
64488
69909
29670
97466
47932
83549
46713
53944
94373
91712
21270
16646
12029
97662
37370
86442
52595
13164
81042
36543
53690
35669
78682
94609
7503
99324
18533
85743
47334
67683
54239
7589
27820
7736
64547
60646
79013
75336
29598
31539
66537
91734
31893
38555
56666
75003
73815
68694
